2.3388249e+04 0.0000000e+00 1.1500000e+02 0.0000000e+00 0.0000000e+00 0.0000000e+00 0.0000000e+00
5.0764379e+03 0.0000000e+00 1.0200000e+02 0.0000000e+00 0.0000000e+00 0.0000000e+00 0.0000000e+00
4.9532182e+04 0.0000000e+00 1.6400000e+02 0.0000000e+00 0.0000000e+00 0.0000000e+00 0.0000000e+00
4.3831883e+04 0.0000000e+00 1.6500000e+02 0.0000000e+00 0.0000000e+00 0.0000000e+00 0.0000000e+00
5.0764379e+03 0.0000000e+00 1.0200000e+02 0.0000000e+00 0.0000000e+00 0.0000000e+00 0.0000000e+00
3.0877514e+06 0.0000000e+00 1.2800000e+02 0.0000000e+00 0.0000000e+00 0.0000000e+00 0.0000000e+00
8.5315140e+04 0.0000000e+00 2.3000000e+01 0.0000000e+00 0.0000000e+00 0.0000000e+00 0.0000000e+00
6.7180505e+04 0.0000000e+00 2.0000000e+01 0.0000000e+00 0.0000000e+00 0.0000000e+00 0.0000000e+00
3.2983281e+04 0.0000000e+00 2.8000000e+01 0.0000000e+00 0.0000000e+00 0.0000000e+00 0.0000000e+00
5.7018360e+04 0.0000000e+00 8.9000000e+01 0.0000000e+00 0.0000000e+00 0.0000000e+00 0.0000000e+00
6.6123008e+04 0.0000000e+00 3.1000000e+01 0.0000000e+00 0.0000000e+00 0.0000000e+00 0.0000000e+00
5.6327322e+04 0.0000000e+00 1.3000000e+02 0.0000000e+00 0.0000000e+00 0.0000000e+00 0.0000000e+00
9.7885770e+04 0.0000000e+00 4.8000000e+01 0.0000000e+00 0.0000000e+00 0.0000000e+00 0.0000000e+00
6.1331956e+04 0.0000000e+00 9.8000000e+01 0.0000000e+00 0.0000000e+00 0.0000000e+00 0.0000000e+00
4.3013274e+04 0.0000000e+00 1.5300000e+02 0.0000000e+00 0.0000000e+00 0.0000000e+00 0.0000000e+00
4.7131664e+04 0.0000000e+00 1.5900000e+02 0.0000000e+00 0.0000000e+00 0.0000000e+00 0.0000000e+00
5.0764379e+03 0.0000000e+00 1.0200000e+02 0.0000000e+00 0.0000000e+00 0.0000000e+00 0.0000000e+00
3.0877514e+06 0.0000000e+00 1.2800000e+02 0.0000000e+00 0.0000000e+00 0.0000000e+00 0.0000000e+00
8.5315140e+04 0.0000000e+00 2.3000000e+01 0.0000000e+00 0.0000000e+00 0.0000000e+00 0.0000000e+00
6.7180505e+04 0.0000000e+00 2.0000000e+01 0.0000000e+00 0.0000000e+00 0.0000000e+00 0.0000000e+00
3.0877514e+06 0.0000000e+00 1.2800000e+02 0.0000000e+00 0.0000000e+00 0.0000000e+00 0.0000000e+00
2.1781397e+13 0.0000000e+00 8.6000000e+01 0.0000000e+00 0.0000000e+00 0.0000000e+00 0.0000000e+00
1.3366604e+05 0.0000000e+00 1.4500000e+02 0.0000000e+00 0.0000000e+00 0.0000000e+00 0.0000000e+00
1.0709393e+05 0.0000000e+00 4.7000000e+01 0.0000000e+00 0.0000000e+00 0.0000000e+00 0.0000000e+00
3.8453054e+04 0.0000000e+00 1.3900000e+02 0.0000000e+00 0.0000000e+00 0.0000000e+00 0.0000000e+00
9.8274956e+04 0.0000000e+00 1.6300000e+02 0.0000000e+00 0.0000000e+00 0.0000000e+00 0.0000000e+00
1.2026870e+05 0.0000000e+00 6.7000000e+01 0.0000000e+00 0.0000000e+00 0.0000000e+00 0.0000000e+00
1.0075579e+05 0.0000000e+00 1.1100000e+02 0.0000000e+00 0.0000000e+00 0.0000000e+00 0.0000000e+00
1.6360195e+05 0.0000000e+00 9.2000000e+01 0.0000000e+00 0.0000000e+00 0.0000000e+00 0.0000000e+00
1.0091447e+05 0.0000000e+00 1.8800000e+02 0.0000000e+00 0.0000000e+00 0.0000000e+00 0.0000000e+00
6.9973525e+04 0.0000000e+00 8.7000000e+01 0.0000000e+00 0.0000000e+00 0.0000000e+00 0.0000000e+00
8.5177133e+04 0.0000000e+00 4.3000000e+01 0.0000000e+00 0.0000000e+00 0.0000000e+00 0.0000000e+00
3.4996905e+04 0.0000000e+00 1.8200000e+02 0.0000000e+00 0.0000000e+00 0.0000000e+00 0.0000000e+00
1.4296541e+05 0.0000000e+00 5.6000000e+01 0.0000000e+00 0.0000000e+00 0.0000000e+00 0.0000000e+00
7.0776216e+04 0.0000000e+00 1.2900000e+02 0.0000000e+00 0.0000000e+00 0.0000000e+00 0.0000000e+00
6.1786087e+04 0.0000000e+00 1.0000000e+01 0.0000000e+00 0.0000000e+00 0.0000000e+00 0.0000000e+00
1.4296541e+05 0.0000000e+00 5.6000000e+01 0.0000000e+00 0.0000000e+00 0.0000000e+00 0.0000000e+00
2.0503056e+05 0.0000000e+00 1.8600000e+02 0.0000000e+00 0.0000000e+00 0.0000000e+00 0.0000000e+00
1.1400287e+05 0.0000000e+00 1.7000000e+01 0.0000000e+00 0.0000000e+00 0.0000000e+00 0.0000000e+00
9.1694185e+04 0.0000000e+00 6.2000000e+01 0.0000000e+00 0.0000000e+00 0.0000000e+00 0.0000000e+00
4.7196804e+04 0.0000000e+00 1.1200000e+02 0.0000000e+00 0.0000000e+00 0.0000000e+00 0.0000000e+00
1.8408391e+05 0.0000000e+00 1.7100000e+02 0.0000000e+00 0.0000000e+00 0.0000000e+00 0.0000000e+00
1.4685755e+05 0.0000000e+00 7.2000000e+01 0.0000000e+00 0.0000000e+00 0.0000000e+00 0.0000000e+00
2.9909145e+05 0.0000000e+00 7.6000000e+01 0.0000000e+00 0.0000000e+00 0.0000000e+00 0.0000000e+00
1.8796531e+05 0.0000000e+00 1.7200000e+02 0.0000000e+00 0.0000000e+00 0.0000000e+00 0.0000000e+00
2.1602378e+05 0.0000000e+00 1.9400000e+02 0.0000000e+00 0.0000000e+00 0.0000000e+00 0.0000000e+00
6.0785975e+04 0.0000000e+00 4.2000000e+01 0.0000000e+00 0.0000000e+00 0.0000000e+00 0.0000000e+00
6.7427835e+04 0.0000000e+00 3.9000000e+01 0.0000000e+00 0.0000000e+00 0.0000000e+00 0.0000000e+00
1.2057773e+05 0.0000000e+00 1.4400000e+02 0.0000000e+00 0.0000000e+00 0.0000000e+00 0.0000000e+00
3.3977759e+05 0.0000000e+00 7.4000000e+01 0.0000000e+00 0.0000000e+00 0.0000000e+00 0.0000000e+00
5.9354311e+04 0.0000000e+00 3.5000000e+01 0.0000000e+00 0.0000000e+00 0.0000000e+00 0.0000000e+00
6.6431375e+04 0.0000000e+00 8.8000000e+01 0.0000000e+00 0.0000000e+00 0.0000000e+00 0.0000000e+00
3.3977759e+05 0.0000000e+00 7.4000000e+01 0.0000000e+00 0.0000000e+00 0.0000000e+00 0.0000000e+00
2.1545869e+05 0.0000000e+00 1.4600000e+02 0.0000000e+00 0.0000000e+00 0.0000000e+00 0.0000000e+00
4.6454893e+04 0.0000000e+00 7.9000000e+01 0.0000000e+00 0.0000000e+00 0.0000000e+00 0.0000000e+00
5.4470257e+04 0.0000000e+00 1.9500000e+02 0.0000000e+00 0.0000000e+00 0.0000000e+00 0.0000000e+00
7.8946749e+04 0.0000000e+00 1.4000000e+01 0.0000000e+00 0.0000000e+00 0.0000000e+00 0.0000000e+00
5.8561596e+04 0.0000000e+00 6.3000000e+01 0.0000000e+00 0.0000000e+00 0.0000000e+00 0.0000000e+00
4.7774847e+04 0.0000000e+00 1.7400000e+02 0.0000000e+00 0.0000000e+00 0.0000000e+00 0.0000000e+00
5.3307817e+04 0.0000000e+00 1.0000000e+00 0.0000000e+00 0.0000000e+00 0.0000000e+00 0.0000000e+00
3.4308496e+04 0.0000000e+00 1.0600000e+02 0.0000000e+00 0.0000000e+00 0.0000000e+00 0.0000000e+00
5.4685552e+04 0.0000000e+00 1.9300000e+02 0.0000000e+00 0.0000000e+00 0.0000000e+00 0.0000000e+00
6.3846730e+04 0.0000000e+00 2.1000000e+01 0.0000000e+00 0.0000000e+00 0.0000000e+00 0.0000000e+00
5.7648895e+04 0.0000000e+00 1.2400000e+02 0.0000000e+00 0.0000000e+00 0.0000000e+00 0.0000000e+00
2.4919506e+04 3.7087646e+00 9.1000000e+01 1.0077716e+01 0.0000000e+00 0.0000000e+00 0.0000000e+00
2.4919506e+04 5.0950590e+00 7.8000000e+01 1.7817244e+00 0.0000000e+00 0.0000000e+00 0.0000000e+00
3.4975524e+04 4.7107585e+00 3.2000000e+01 1.5707963e+00 0.0000000e+00 0.0000000e+00 0.0000000e+00
3.4975524e+04 0.0000000e+00 3.2000000e+01 0.0000000e+00 0.0000000e+00 0.0000000e+00 0.0000000e+00
2.4919506e+04 5.0950590e+00 7.8000000e+01 1.7817244e+00 0.0000000e+00 0.0000000e+00 0.0000000e+00
2.4919506e+04 6.4813533e+00 7.8000000e+01 1.1553409e+00 0.0000000e+00 0.0000000e+00 0.0000000e+00
3.4975524e+04 5.4039057e+00 5.0000000e+00 1.5707963e+00 0.0000000e+00 0.0000000e+00 0.0000000e+00
3.4975524e+04 0.0000000e+00 5.0000000e+00 0.0000000e+00 0.0000000e+00 0.0000000e+00 0.0000000e+00
3.4975524e+04 4.3641849e+00 1.5800000e+02 2.4674010e+00 0.0000000e+00 0.0000000e+00 0.0000000e+00
3.4975524e+04 5.7504793e+00 1.5800000e+02 1.2533141e+00 0.0000000e+00 0.0000000e+00 0.0000000e+00
4.0555508e+04 4.9030210e+00 6.4000000e+01 1.5707963e+00 0.0000000e+00 0.0000000e+00 0.0000000e+00
4.0555508e+04 0.0000000e+00 6.4000000e+01 0.0000000e+00 0.0000000e+00 0.0000000e+00 0.0000000e+00
3.4975524e+04 5.0573321e+00 1.1900000e+02 9.8696041e+00 0.0000000e+00 0.0000000e+00 0.0000000e+00
3.4975524e+04 6.4436264e+00 1.1900000e+02 1.7724538e+00 0.0000000e+00 0.0000000e+00 0.0000000e+00
3.4975524e+04 5.7504793e+00 5.9000000e+01 3.1415926e+00 0.0000000e+00 0.0000000e+00 0.0000000e+00
3.4975524e+04 5.0573321e+00 5.9000000e+01 -1.5707963e+00 0.0000000e+00 0.0000000e+00 0.0000000e+00
2.4919506e+04 5.0950590e+00 7.8000000e+01 1.7817244e+00 0.0000000e+00 0.0000000e+00 0.0000000e+00
2.4919506e+04 6.4813533e+00 7.8000000e+01 1.1553409e+00 0.0000000e+00 0.0000000e+00 0.0000000e+00
3.4975524e+04 5.4039057e+00 5.0000000e+00 1.5707963e+00 0.0000000e+00 0.0000000e+00 0.0000000e+00
3.4975524e+04 0.0000000e+00 5.0000000e+00 0.0000000e+00 0.0000000e+00 0.0000000e+00 0.0000000e+00
2.4919506e+04 6.4813533e+00 7.8000000e+01 1.1553409e+00 0.0000000e+00 0.0000000e+00 0.0000000e+00
2.4919506e+04 7.8676477e+00 7.8000000e+01 1.0367583e+00 0.0000000e+00 0.0000000e+00 0.0000000e+00
3.4975524e+04 6.0970529e+00 1.0500000e+02 1.5707963e+00 0.0000000e+00 0.0000000e+00 0.0000000e+00
3.4975524e+04 0.0000000e+00 1.0500000e+02 0.0000000e+00 0.0000000e+00 0.0000000e+00 0.0000000e+00
3.4975524e+04 5.0573321e+00 5.7000000e+01 2.4674010e+00 0.0000000e+00 0.0000000e+00 0.0000000e+00
3.4975524e+04 6.4436264e+00 5.7000000e+01 1.2533141e+00 0.0000000e+00 0.0000000e+00 0.0000000e+00
6.0156289e+04 5.6698440e+00 1.2000000e+01 1.5707963e+00 0.0000000e+00 0.0000000e+00 0.0000000e+00
6.0156289e+04 0.0000000e+00 1.2000000e+01 0.0000000e+00 0.0000000e+00 0.0000000e+00 0.0000000e+00
3.4975524e+04 0.0000000e+00 8.0000000e+01 0.0000000e+00 0.0000000e+00 0.0000000e+00 0.0000000e+00
3.4975524e+04 0.0000000e+00 8.0000000e+01 0.0000000e+00 0.0000000e+00 0.0000000e+00 0.0000000e+00
3.4975524e+04 7.1367736e+00 1.0900000e+02 6.2831853e+00 0.0000000e+00 0.0000000e+00 0.0000000e+00
3.4975524e+04 6.8490916e+00 1.0900000e+02 -4.7123890e+00 0.0000000e+00 0.0000000e+00 0.0000000e+00
3.4975524e+04 4.0176113e+00 1.7800000e+02 6.0880682e+00 0.0000000e+00 0.0000000e+00 0.0000000e+00
3.4975524e+04 5.4039057e+00 1.4200000e+02 1.5707963e+00 0.0000000e+00 0.0000000e+00 0.0000000e+00
4.6752738e+04 4.9433344e+00 1.1000000e+02 1.5707963e+00 0.0000000e+00 0.0000000e+00 0.0000000e+00
4.6752738e+04 0.0000000e+00 1.1000000e+02 0.0000000e+00 0.0000000e+00 0.0000000e+00 0.0000000e+00
3.4975524e+04 5.4039057e+00 1.4200000e+02 1.5707963e+00 0.0000000e+00 0.0000000e+00 0.0000000e+00
3.4975524e+04 6.7902000e+00 1.4200000e+02 1.1195151e+00 0.0000000e+00 0.0000000e+00 0.0000000e+00
4.6752738e+04 6.7350938e+00 1.4300000e+02 4.7123890e+00 0.0000000e+00 0.0000000e+00 0.0000000e+00
4.6752738e+04 6.3296287e+00 1.4300000e+02 -3.1415927e+00 0.0000000e+00 0.0000000e+00 0.0000000e+00
4.6752738e+04 4.5967608e+00 9.7000000e+01 2.4674010e+00 0.0000000e+00 0.0000000e+00 0.0000000e+00
4.6752738e+04 5.9830551e+00 9.7000000e+01 1.2533141e+00 0.0000000e+00 0.0000000e+00 0.0000000e+00
5.6060395e+04 5.1757225e+00 1.3000000e+01 1.5707963e+00 0.0000000e+00 0.0000000e+00 0.0000000e+00
5.6060395e+04 0.0000000e+00 1.3000000e+01 0.0000000e+00 0.0000000e+00 0.0000000e+00 0.0000000e+00
4.6752738e+04 0.0000000e+00 1.6700000e+02 0.0000000e+00 0.0000000e+00 0.0000000e+00 0.0000000e+00
4.6752738e+04 0.0000000e+00 1.6700000e+02 0.0000000e+00 0.0000000e+00 0.0000000e+00 0.0000000e+00
4.6752738e+04 6.6762023e+00 1.7300000e+02 6.2831853e+00 0.0000000e+00 0.0000000e+00 0.0000000e+00
4.6752738e+04 6.3885202e+00 1.7300000e+02 -4.7123890e+00 0.0000000e+00 0.0000000e+00 0.0000000e+00
4.9128493e+04 3.2037118e+00 3.6000000e+01 1.4540377e-01 0.0000000e+00 0.0000000e+00 0.0000000e+00
3.4975524e+04 0.0000000e+00 1.2200000e+02 0.0000000e+00 0.0000000e+00 0.0000000e+00 0.0000000e+00
3.4975524e+04 inf 8.1000000e+01 0.0000000e+00 0.0000000e+00 0.0000000e+00 0.0000000e+00
3.4975524e+04 inf 8.1000000e+01 0.0000000e+00 0.0000000e+00 0.0000000e+00 0.0000000e+00
3.4975524e+04 0.0000000e+00 1.2200000e+02 0.0000000e+00 0.0000000e+00 0.0000000e+00 0.0000000e+00
3.4975524e+04 0.0000000e+00 1.2200000e+02 0.0000000e+00 0.0000000e+00 0.0000000e+00 0.0000000e+00
3.4975524e+04 7.9344623e-01 1.7700000e+02 3.1410496e+00 0.0000000e+00 0.0000000e+00 0.0000000e+00
8.1546257e+04 0.0000000e+00 1.7700000e+02 0.0000000e+00 0.0000000e+00 0.0000000e+00 0.0000000e+00
3.4975524e+04 0.0000000e+00 1.5500000e+02 0.0000000e+00 0.0000000e+00 0.0000000e+00 0.0000000e+00
3.4975524e+04 0.0000000e+00 1.5500000e+02 0.0000000e+00 0.0000000e+00 0.0000000e+00 0.0000000e+00
3.4975524e+04 6.0970529e+00 1.2700000e+02 -3.1415927e+00 0.0000000e+00 0.0000000e+00 0.0000000e+00
3.4975524e+04 6.5025180e+00 1.2700000e+02 4.7123890e+00 0.0000000e+00 0.0000000e+00 0.0000000e+00
3.4975524e+04 4.7107585e+00 6.6000000e+01 2.4674010e+00 0.0000000e+00 0.0000000e+00 0.0000000e+00
3.4975524e+04 6.0970529e+00 6.6000000e+01 1.2533141e+00 0.0000000e+00 0.0000000e+00 0.0000000e+00
4.5352475e+04 5.1624668e+00 1.4700000e+02 1.5707963e+00 0.0000000e+00 0.0000000e+00 0.0000000e+00
4.5352475e+04 0.0000000e+00 1.4700000e+02 0.0000000e+00 0.0000000e+00 0.0000000e+00 0.0000000e+00
3.5378270e+04 0.0000000e+00 1.3800000e+02 0.0000000e+00 0.0000000e+00 0.0000000e+00 0.0000000e+00
8.7742777e+04 0.0000000e+00 1.4100000e+02 0.0000000e+00 0.0000000e+00 0.0000000e+00 0.0000000e+00
1.8475132e+05 0.0000000e+00 1.5400000e+02 0.0000000e+00 0.0000000e+00 0.0000000e+00 0.0000000e+00
3.4975524e+04 0.0000000e+00 9.0000000e+00 0.0000000e+00 0.0000000e+00 0.0000000e+00 0.0000000e+00
1.5466337e+06 0.0000000e+00 1.4800000e+02 0.0000000e+00 0.0000000e+00 0.0000000e+00 0.0000000e+00
6.6199006e+07 0.0000000e+00 1.1300000e+02 0.0000000e+00 0.0000000e+00 0.0000000e+00 0.0000000e+00
6.1955984e+08 0.0000000e+00 2.5000000e+01 0.0000000e+00 0.0000000e+00 0.0000000e+00 0.0000000e+00
1.8475132e+05 0.0000000e+00 1.5400000e+02 0.0000000e+00 0.0000000e+00 0.0000000e+00 0.0000000e+00
3.4975524e+04 0.0000000e+00 9.0000000e+00 0.0000000e+00 0.0000000e+00 0.0000000e+00 0.0000000e+00
9.6578246e+12 0.0000000e+00 3.3000000e+01 0.0000000e+00 0.0000000e+00 0.0000000e+00 0.0000000e+00
2.1406974e+05 0.0000000e+00 6.5000000e+01 0.0000000e+00 0.0000000e+00 0.0000000e+00 0.0000000e+00
1.8925337e+05 0.0000000e+00 3.0000000e+01 0.0000000e+00 0.0000000e+00 0.0000000e+00 0.0000000e+00
1.8475132e+05 0.0000000e+00 1.5400000e+02 0.0000000e+00 0.0000000e+00 0.0000000e+00 0.0000000e+00
4.6752738e+04 0.0000000e+00 1.8000000e+01 0.0000000e+00 0.0000000e+00 0.0000000e+00 0.0000000e+00
1.8844005e+05 0.0000000e+00 1.5100000e+02 0.0000000e+00 0.0000000e+00 0.0000000e+00 0.0000000e+00
1.9159843e+05 0.0000000e+00 2.2000000e+01 0.0000000e+00 0.0000000e+00 0.0000000e+00 0.0000000e+00
2.2676282e+05 0.0000000e+00 1.1400000e+02 0.0000000e+00 0.0000000e+00 0.0000000e+00 0.0000000e+00
3.4975524e+04 0.0000000e+00 9.0000000e+00 0.0000000e+00 0.0000000e+00 0.0000000e+00 0.0000000e+00
8.1546257e+04 0.0000000e+00 4.6000000e+01 0.0000000e+00 0.0000000e+00 0.0000000e+00 0.0000000e+00
2.1442318e+05 0.0000000e+00 1.5000000e+01 0.0000000e+00 0.0000000e+00 0.0000000e+00 0.0000000e+00
5.0751058e+03 1.0449674e+00 0.0000000e+00 5.6588270e-03 0.0000000e+00 0.0000000e+00 0.0000000e+00
5.0753125e+03 5.1535756e+00 4.9000000e+01 1.0050243e+00 0.0000000e+00 0.0000000e+00 0.0000000e+00
5.0751058e+03 1.0449674e+00 0.0000000e+00 -5.6588270e-03 0.0000000e+00 0.0000000e+00 0.0000000e+00
5.0753125e+03 5.1535755e+00 1.2600000e+02 9.9500090e-01 0.0000000e+00 0.0000000e+00 0.0000000e+00
5.0762507e+03 5.1695897e+00 5.3000000e+01 1.0020140e+00 0.0000000e+00 0.0000000e+00 0.0000000e+00
1.4990872e+05 6.9394927e+00 1.1600000e+02 -1.7914055e+00 0.0000000e+00 0.0000000e+00 0.0000000e+00
3.8143485e+04 6.4381729e+00 4.0000000e+00 4.2406300e-01 0.0000000e+00 0.0000000e+00 0.0000000e+00
1.4990872e+05 6.9394927e+00 1.1600000e+02 1.7914055e+00 0.0000000e+00 0.0000000e+00 0.0000000e+00
3.8143485e+04 6.4381729e+00 4.0000000e+00 2.3581402e+00 0.0000000e+00 0.0000000e+00 0.0000000e+00
5.0762507e+03 5.1695897e+00 5.3000000e+01 2.5050351e-01 0.0000000e+00 0.0000000e+00 0.0000000e+00
9.2931164e+04 5.2167593e+00 1.6000000e+02 -8.1368465e-01 0.0000000e+00 0.0000000e+00 0.0000000e+00
4.3066417e+04 5.6442383e+00 5.4000000e+01 5.3512757e-01 0.0000000e+00 0.0000000e+00 0.0000000e+00
9.2931164e+04 5.2167593e+00 1.6000000e+02 8.1368465e-01 0.0000000e+00 0.0000000e+00 0.0000000e+00
4.3066417e+04 5.6442383e+00 5.4000000e+01 1.8687133e+00 0.0000000e+00 0.0000000e+00 0.0000000e+00
3.2663421e+04 4.7314245e+00 1.3600000e+02 3.9883357e-01 0.0000000e+00 0.0000000e+00 0.0000000e+00
9.2931164e+04 6.2919232e+00 2.4000000e+01 -2.3844810e+00 0.0000000e+00 0.0000000e+00 0.0000000e+00
3.4975524e+04 0.0000000e+00 3.4000000e+01 0.0000000e+00 0.0000000e+00 0.0000000e+00 0.0000000e+00
9.2931164e+04 6.2919232e+00 2.4000000e+01 2.3844810e+00 0.0000000e+00 0.0000000e+00 0.0000000e+00
inf 0.0000000e+00 3.4000000e+01 0.0000000e+00 0.0000000e+00 0.0000000e+00 0.0000000e+00
5.7970389e+04 3.3329512e+00 1.7900000e+02 -1.4958240e+00 0.0000000e+00 0.0000000e+00 0.0000000e+00
5.0751058e+03 1.0449674e+00 0.0000000e+00 5.6588270e-03 0.0000000e+00 0.0000000e+00 0.0000000e+00
5.0753125e+03 5.1535756e+00 4.9000000e+01 1.0050243e+00 0.0000000e+00 0.0000000e+00 0.0000000e+00
5.0751058e+03 1.0449674e+00 0.0000000e+00 -5.6588270e-03 0.0000000e+00 0.0000000e+00 0.0000000e+00
1.5795658e+05 4.2021008e+00 1.4900000e+02 8.7990686e-02 0.0000000e+00 0.0000000e+00 0.0000000e+00
1.0079728e+04 6.1735199e+00 4.0000000e+01 1.4176190e+00 0.0000000e+00 0.0000000e+00 0.0000000e+00
1.4990872e+05 6.9394927e+00 1.1600000e+02 -1.7914055e+00 0.0000000e+00 0.0000000e+00 0.0000000e+00
3.8143485e+04 6.4381729e+00 4.0000000e+00 4.2406300e-01 0.0000000e+00 0.0000000e+00 0.0000000e+00
1.4990872e+05 6.9394927e+00 1.6100000e+02 1.7914055e+00 0.0000000e+00 0.0000000e+00 0.0000000e+00
1.8475058e+05 3.3615624e+00 1.9200000e+02 1.5866813e-04 0.0000000e+00 0.0000000e+00 0.0000000e+00
1.0079728e+04 7.5598140e+00 9.0000000e+01 1.0911636e+00 0.0000000e+00 0.0000000e+00 0.0000000e+00
9.2931164e+04 5.2167593e+00 1.6000000e+02 -8.1368465e-01 0.0000000e+00 0.0000000e+00 0.0000000e+00
4.3066417e+04 5.6442383e+00 5.4000000e+01 5.3512757e-01 0.0000000e+00 0.0000000e+00 0.0000000e+00
9.2931164e+04 6.2679117e+00 1.8100000e+02 -2.3279080e+00 0.0000000e+00 0.0000000e+00 0.0000000e+00
7.7664531e+04 5.2362750e+00 3.8000000e+01 2.6435368e+00 0.0000000e+00 0.0000000e+00 0.0000000e+00
3.4323579e+04 6.6570152e+00 1.8000000e+02 1.1522561e+00 0.0000000e+00 0.0000000e+00 0.0000000e+00
9.2931164e+04 6.2919232e+00 2.4000000e+01 -2.3844810e+00 0.0000000e+00 0.0000000e+00 0.0000000e+00
3.4975524e+04 0.0000000e+00 3.4000000e+01 0.0000000e+00 0.0000000e+00 0.0000000e+00 0.0000000e+00
9.2931164e+04 6.2919232e+00 2.4000000e+01 2.3844810e+00 0.0000000e+00 0.0000000e+00 0.0000000e+00
3.3628322e+04 2.6138830e+00 5.5000000e+01 1.1375344e-01 0.0000000e+00 0.0000000e+00 0.0000000e+00
3.2264333e+04 3.4469263e+00 6.0000000e+01 -3.1189033e-01 0.0000000e+00 0.0000000e+00 0.0000000e+00
2.4919506e+04 inf 7.8000000e+01 0.0000000e+00 0.0000000e+00 0.0000000e+00 0.0000000e+00
2.4919506e+04 inf 7.8000000e+01 0.0000000e+00 0.0000000e+00 0.0000000e+00 0.0000000e+00
2.4919506e+04 inf 7.8000000e+01 0.0000000e+00 0.0000000e+00 0.0000000e+00 0.0000000e+00
2.4919506e+04 inf 7.8000000e+01 0.0000000e+00 0.0000000e+00 0.0000000e+00 0.0000000e+00
2.4919506e+04 inf 7.8000000e+01 0.0000000e+00 0.0000000e+00 0.0000000e+00 0.0000000e+00
2.4919506e+04 inf 7.8000000e+01 0.0000000e+00 0.0000000e+00 0.0000000e+00 0.0000000e+00
2.4919506e+04 inf 7.8000000e+01 0.0000000e+00 0.0000000e+00 0.0000000e+00 0.0000000e+00
2.4919506e+04 inf 7.8000000e+01 0.0000000e+00 0.0000000e+00 0.0000000e+00 0.0000000e+00
2.4919506e+04 inf 7.8000000e+01 0.0000000e+00 0.0000000e+00 0.0000000e+00 0.0000000e+00
2.4919506e+04 inf 7.8000000e+01 0.0000000e+00 0.0000000e+00 0.0000000e+00 0.0000000e+00
3.4975524e+04 inf 1.6000000e+01 0.0000000e+00 0.0000000e+00 0.0000000e+00 0.0000000e+00
3.4975524e+04 inf 1.6000000e+01 0.0000000e+00 0.0000000e+00 0.0000000e+00 0.0000000e+00
3.4975524e+04 inf 1.6000000e+01 0.0000000e+00 0.0000000e+00 0.0000000e+00 0.0000000e+00
3.4975524e+04 inf 1.6000000e+01 0.0000000e+00 0.0000000e+00 0.0000000e+00 0.0000000e+00
3.4975524e+04 inf 1.4200000e+02 0.0000000e+00 0.0000000e+00 0.0000000e+00 0.0000000e+00
3.4975524e+04 inf 1.6000000e+01 0.0000000e+00 0.0000000e+00 0.0000000e+00 0.0000000e+00
3.4975524e+04 inf 1.6000000e+01 0.0000000e+00 0.0000000e+00 0.0000000e+00 0.0000000e+00
3.4975524e+04 inf 1.6000000e+01 0.0000000e+00 0.0000000e+00 0.0000000e+00 0.0000000e+00
3.4975524e+04 inf 1.6000000e+01 0.0000000e+00 0.0000000e+00 0.0000000e+00 0.0000000e+00
3.4975524e+04 inf 1.2200000e+02 0.0000000e+00 0.0000000e+00 0.0000000e+00 0.0000000e+00
4.7948400e+05 0.0000000e+00 1.8300000e+02 0.0000000e+00 0.0000000e+00 0.0000000e+00 0.0000000e+00
6.5412145e+05 0.0000000e+00 6.9000000e+01 0.0000000e+00 0.0000000e+00 0.0000000e+00 0.0000000e+00
5.3557133e+04 0.0000000e+00 1.0800000e+02 0.0000000e+00 0.0000000e+00 0.0000000e+00 0.0000000e+00
5.0764379e+03 0.0000000e+00 1.0200000e+02 0.0000000e+00 0.0000000e+00 0.0000000e+00 0.0000000e+00
2.0770553e+06 0.0000000e+00 1.7600000e+02 0.0000000e+00 0.0000000e+00 0.0000000e+00 0.0000000e+00
5.8350208e+06 0.0000000e+00 1.6800000e+02 0.0000000e+00 0.0000000e+00 0.0000000e+00 0.0000000e+00
4.6548091e+07 0.0000000e+00 5.0000000e+01 0.0000000e+00 0.0000000e+00 0.0000000e+00 0.0000000e+00
3.4075070e+06 0.0000000e+00 1.1000000e+01 0.0000000e+00 0.0000000e+00 0.0000000e+00 0.0000000e+00
3.3742830e+08 0.0000000e+00 4.4000000e+01 0.0000000e+00 0.0000000e+00 0.0000000e+00 0.0000000e+00
1.1990850e+22 0.0000000e+00 7.7000000e+01 0.0000000e+00 0.0000000e+00 0.0000000e+00 0.0000000e+00
1.3107326e+05 0.0000000e+00 1.3400000e+02 0.0000000e+00 0.0000000e+00 0.0000000e+00 0.0000000e+00
2.5491224e+05 0.0000000e+00 2.6000000e+01 0.0000000e+00 0.0000000e+00 0.0000000e+00 0.0000000e+00
1.2184729e+05 0.0000000e+00 4.5000000e+01 0.0000000e+00 0.0000000e+00 0.0000000e+00 0.0000000e+00
2.2523934e+10 0.0000000e+00 9.4000000e+01 0.0000000e+00 0.0000000e+00 0.0000000e+00 0.0000000e+00
4.3744888e+04 0.0000000e+00 1.9000000e+01 0.0000000e+00 0.0000000e+00 0.0000000e+00 0.0000000e+00
3.2491366e+04 0.0000000e+00 1.0400000e+02 0.0000000e+00 0.0000000e+00 0.0000000e+00 0.0000000e+00
8.9772589e+05 0.0000000e+00 1.6900000e+02 0.0000000e+00 0.0000000e+00 0.0000000e+00 0.0000000e+00
2.4497169e+05 0.0000000e+00 1.6200000e+02 0.0000000e+00 0.0000000e+00 0.0000000e+00 0.0000000e+00
1.6453451e+12 0.0000000e+00 6.8000000e+01 0.0000000e+00 0.0000000e+00 0.0000000e+00 0.0000000e+00
8.8393516e+04 0.0000000e+00 3.7000000e+01 0.0000000e+00 0.0000000e+00 0.0000000e+00 0.0000000e+00
8.7742777e+04 0.0000000e+00 1.9000000e+02 0.0000000e+00 0.0000000e+00 0.0000000e+00 0.0000000e+00
1.2407707e+04 5.1327430e+00 1.0300000e+02 3.6239442e-01 0.0000000e+00 0.0000000e+00 0.0000000e+00
4.8889967e+04 4.3878881e+00 8.3000000e+01 4.3311151e-01 0.0000000e+00 0.0000000e+00 0.0000000e+00
1.2407707e+04 5.1327430e+00 2.0000000e+00 2.7594244e+00 0.0000000e+00 0.0000000e+00 0.0000000e+00
5.0762507e+03 4.4764425e+00 1.1700000e+02 2.5100803e-01 0.0000000e+00 0.0000000e+00 0.0000000e+00
8.7742777e+04 1.5598930e+00 1.9000000e+02 4.1983659e-05 0.0000000e+00 0.0000000e+00 0.0000000e+00
1.2407707e+04 6.5190374e+00 1.0300000e+02 7.7588146e-01 0.0000000e+00 0.0000000e+00 0.0000000e+00
4.8889967e+04 5.7741825e+00 8.3000000e+01 8.1124107e-01 0.0000000e+00 0.0000000e+00 0.0000000e+00
1.2407707e+04 6.5190374e+00 1.0300000e+02 1.2888567e+00 0.0000000e+00 0.0000000e+00 0.0000000e+00
5.0762507e+03 5.8627369e+00 1.1700000e+02 7.0781849e-01 0.0000000e+00 0.0000000e+00 0.0000000e+00
4.8889967e+04 6.9320937e+00 1.2500000e+02 5.5648767e+00 0.0000000e+00 0.0000000e+00 0.0000000e+00
1.2407707e+04 7.0229125e+00 8.2000000e+01 2.4955992e+00 0.0000000e+00 0.0000000e+00 0.0000000e+00
4.8889967e+04 6.9320937e+00 1.2500000e+02 -5.5648767e+00 0.0000000e+00 0.0000000e+00 0.0000000e+00
8.7742777e+04 6.3243423e+00 1.3300000e+02 1.5707963e+00 0.0000000e+00 0.0000000e+00 0.0000000e+00
5.0762507e+03 5.0714008e+00 6.1000000e+01 5.2476197e-01 0.0000000e+00 0.0000000e+00 0.0000000e+00
4.8889967e+04 6.6004322e+00 1.2500000e+02 -3.9940804e+00 0.0000000e+00 0.0000000e+00 0.0000000e+00
1.2407707e+04 6.0302089e+00 8.2000000e+01 -9.2480287e-01 0.0000000e+00 0.0000000e+00 0.0000000e+00
4.8889967e+04 7.1807254e+00 1.2500000e+02 7.1356730e+00 0.0000000e+00 0.0000000e+00 0.0000000e+00
8.7742777e+04 0.0000000e+00 1.3300000e+02 0.0000000e+00 0.0000000e+00 0.0000000e+00 0.0000000e+00
5.0762507e+03 5.7612175e+00 6.1000000e+01 1.0460344e+00 0.0000000e+00 0.0000000e+00 0.0000000e+00
5.0746944e+03 7.0997726e-01 1.9100000e+02 4.4085395e-03 0.0000000e+00 0.0000000e+00 0.0000000e+00
5.0753125e+03 5.8467228e+00 3.0000000e+00 1.0025090e+00 0.0000000e+00 0.0000000e+00 0.0000000e+00
8.4764318e+04 6.4797006e+00 1.8700000e+02 2.6652164e+00 0.0000000e+00 0.0000000e+00 0.0000000e+00
1.5795658e+05 4.8952479e+00 1.0700000e+02 2.9663224e-01 0.0000000e+00 0.0000000e+00 0.0000000e+00
1.3835605e+04 6.2794796e+00 1.5600000e+02 1.3205252e+00 0.0000000e+00 0.0000000e+00 0.0000000e+00
1.6763261e+06 6.8773227e+00 1.2300000e+02 -3.9665926e+00 0.0000000e+00 0.0000000e+00 0.0000000e+00
3.8143485e+04 5.7450257e+00 1.8400000e+02 1.7982943e-01 0.0000000e+00 0.0000000e+00 0.0000000e+00
2.3981856e+06 7.3919575e+00 1.0100000e+02 6.6362175e+00 0.0000000e+00 0.0000000e+00 0.0000000e+00
1.8475042e+05 1.7716784e+00 1.5700000e+02 1.7786569e-08 0.0000000e+00 0.0000000e+00 0.0000000e+00
1.0372500e+04 8.0983003e+00 6.0000000e+00 1.0538729e+00 0.0000000e+00 0.0000000e+00 0.0000000e+00
6.7016531e+04 5.4161753e+00 1.5000000e+02 9.2013032e-01 0.0000000e+00 0.0000000e+00 0.0000000e+00
1.4290462e+05 5.1181516e+00 9.6000000e+01 1.0396256e+00 0.0000000e+00 0.0000000e+00 0.0000000e+00
2.9405472e+04 6.0587423e+00 8.4000000e+01 1.7494947e+00 0.0000000e+00 0.0000000e+00 0.0000000e+00
1.8473380e+05 1.2289582e+00 1.0000000e+02 -8.1786917e-05 0.0000000e+00 0.0000000e+00 0.0000000e+00
3.4659955e+04 5.0327808e+00 1.7000000e+02 1.1039182e+00 0.0000000e+00 0.0000000e+00 0.0000000e+00
1.3167499e+05 5.9201607e+00 7.0000000e+00 1.5230964e+00 0.0000000e+00 0.0000000e+00 0.0000000e+00
1.3168174e+05 5.2369471e+00 2.9000000e+01 -1.0202008e+00 0.0000000e+00 0.0000000e+00 0.0000000e+00
1.3781194e+04 5.6361540e+00 7.1000000e+01 1.1465285e+00 0.0000000e+00 0.0000000e+00 0.0000000e+00
1.8473814e+05 1.0866751e+00 5.1000000e+01 4.4460247e-06 0.0000000e+00 0.0000000e+00 0.0000000e+00
8.7468460e+03 5.5762396e+00 1.8500000e+02 5.3806492e-01 0.0000000e+00 0.0000000e+00 0.0000000e+00
2.4919506e+04 inf 1.3700000e+02 0.0000000e+00 0.0000000e+00 0.0000000e+00 0.0000000e+00
2.4919506e+04 inf 1.3700000e+02 0.0000000e+00 0.0000000e+00 0.0000000e+00 0.0000000e+00
2.4919506e+04 inf 1.3700000e+02 0.0000000e+00 0.0000000e+00 0.0000000e+00 0.0000000e+00
2.4919506e+04 1.0883265e+01 5.2000000e+01 2.2730370e+00 2.8998295e+00 0.0000000e+00 0.0000000e+00
2.4919506e+04 inf 7.8000000e+01 0.0000000e+00 0.0000000e+00 0.0000000e+00 0.0000000e+00
2.4919506e+04 inf 1.3700000e+02 0.0000000e+00 0.0000000e+00 0.0000000e+00 0.0000000e+00
2.4919506e+04 inf 1.3700000e+02 0.0000000e+00 0.0000000e+00 0.0000000e+00 0.0000000e+00
2.4919506e+04 inf 1.3700000e+02 0.0000000e+00 0.0000000e+00 0.0000000e+00 0.0000000e+00
2.4919506e+04 inf 1.3700000e+02 0.0000000e+00 0.0000000e+00 0.0000000e+00 0.0000000e+00
2.4919506e+04 inf 7.8000000e+01 0.0000000e+00 0.0000000e+00 0.0000000e+00 0.0000000e+00
2.4919506e+04 1.1549480e+01 1.2000000e+02 2.2556169e+00 -1.9714547e+00 0.0000000e+00 0.0000000e+00
2.4919506e+04 1.1017817e+01 1.7500000e+02 1.5086472e+00 1.0860097e+00 0.0000000e+00 0.0000000e+00
2.4919506e+04 1.1549480e+01 1.2000000e+02 2.2556169e+00 1.9714547e+00 0.0000000e+00 0.0000000e+00
2.4919506e+04 1.0505571e+01 7.3000000e+01 1.2917298e+00 1.3160363e+00 0.0000000e+00 0.0000000e+00
2.4919506e+04 9.4394698e+00 1.8900000e+02 1.9294863e+00 4.5491963e-01 0.0000000e+00 0.0000000e+00
2.4919506e+04 1.1590895e+01 7.0000000e+01 1.2351135e+00 1.4709314e+00 0.0000000e+00 0.0000000e+00
2.4919506e+04 1.0211261e+01 1.7500000e+02 1.5086472e+00 4.8478663e-01 0.0000000e+00 0.0000000e+00
2.4919506e+04 9.9560626e+00 1.2000000e+02 2.2556169e+00 -4.0065837e-01 0.0000000e+00 0.0000000e+00
2.4919506e+04 8.8635136e+00 7.3000000e+01 1.2917298e+00 2.5476003e-01 0.0000000e+00 0.0000000e+00
2.4919506e+04 1.0336745e+01 1.8900000e+02 1.9294863e+00 1.1158767e+00 0.0000000e+00 0.0000000e+00
4.7948400e+05 0.0000000e+00 1.8300000e+02 0.0000000e+00 0.0000000e+00 0.0000000e+00 0.0000000e+00
6.5412145e+05 0.0000000e+00 6.9000000e+01 0.0000000e+00 0.0000000e+00 0.0000000e+00 0.0000000e+00
4.8180721e+05 0.0000000e+00 7.5000000e+01 0.0000000e+00 0.0000000e+00 0.0000000e+00 0.0000000e+00
3.0860959e+05 0.0000000e+00 2.7000000e+01 0.0000000e+00 0.0000000e+00 0.0000000e+00 0.0000000e+00
1.5466337e+06 0.0000000e+00 1.4800000e+02 0.0000000e+00 0.0000000e+00 0.0000000e+00 0.0000000e+00
5.8350208e+06 0.0000000e+00 1.6800000e+02 0.0000000e+00 0.0000000e+00 0.0000000e+00 0.0000000e+00
4.6548091e+07 0.0000000e+00 5.0000000e+01 0.0000000e+00 0.0000000e+00 0.0000000e+00 0.0000000e+00
1.2916204e+06 0.0000000e+00 1.3200000e+02 0.0000000e+00 0.0000000e+00 0.0000000e+00 0.0000000e+00
8.7742777e+04 0.0000000e+00 1.4100000e+02 0.0000000e+00 0.0000000e+00 0.0000000e+00 0.0000000e+00
9.6578246e+12 0.0000000e+00 3.3000000e+01 0.0000000e+00 0.0000000e+00 0.0000000e+00 0.0000000e+00
1.3107326e+05 0.0000000e+00 1.3400000e+02 0.0000000e+00 0.0000000e+00 0.0000000e+00 0.0000000e+00
2.5491224e+05 0.0000000e+00 2.6000000e+01 0.0000000e+00 0.0000000e+00 0.0000000e+00 0.0000000e+00
1.1059959e+06 0.0000000e+00 9.5000000e+01 0.0000000e+00 0.0000000e+00 0.0000000e+00 0.0000000e+00
1.4411494e+05 0.0000000e+00 1.1800000e+02 0.0000000e+00 0.0000000e+00 0.0000000e+00 0.0000000e+00
1.1943509e+05 0.0000000e+00 5.8000000e+01 0.0000000e+00 0.0000000e+00 0.0000000e+00 0.0000000e+00
3.2491366e+04 0.0000000e+00 1.0400000e+02 0.0000000e+00 0.0000000e+00 0.0000000e+00 0.0000000e+00
8.9772589e+05 0.0000000e+00 1.6900000e+02 0.0000000e+00 0.0000000e+00 0.0000000e+00 0.0000000e+00
1.5982022e+06 0.0000000e+00 1.3100000e+02 0.0000000e+00 0.0000000e+00 0.0000000e+00 0.0000000e+00
3.3753439e+08 0.0000000e+00 9.9000000e+01 0.0000000e+00 0.0000000e+00 0.0000000e+00 0.0000000e+00
9.0463382e+04 0.0000000e+00 4.1000000e+01 0.0000000e+00 0.0000000e+00 0.0000000e+00 0.0000000e+00
5.0746944e+03 7.0997726e-01 1.9100000e+02 4.4085395e-03 0.0000000e+00 0.0000000e+00 0.0000000e+00
5.0753125e+03 5.8467228e+00 3.0000000e+00 1.0025090e+00 0.0000000e+00 0.0000000e+00 0.0000000e+00
5.0746944e+03 7.0997726e-01 1.9100000e+02 -4.4085395e-03 0.0000000e+00 0.0000000e+00 0.0000000e+00
5.0753125e+03 5.8467228e+00 3.0000000e+00 9.9749728e-01 0.0000000e+00 0.0000000e+00 0.0000000e+00
5.0762507e+03 5.1695897e+00 5.3000000e+01 1.0020140e+00 0.0000000e+00 0.0000000e+00 0.0000000e+00
1.6763261e+06 6.8773227e+00 1.2300000e+02 -3.9665926e+00 0.0000000e+00 0.0000000e+00 0.0000000e+00
3.8143485e+04 5.7450257e+00 1.8400000e+02 1.7982943e-01 0.0000000e+00 0.0000000e+00 0.0000000e+00
1.6763261e+06 6.8773227e+00 1.2300000e+02 3.9665926e+00 0.0000000e+00 0.0000000e+00 0.0000000e+00
3.8143485e+04 5.7450257e+00 1.8400000e+02 5.5608251e+00 0.0000000e+00 0.0000000e+00 0.0000000e+00
5.0762507e+03 5.1695897e+00 5.3000000e+01 2.5050351e-01 0.0000000e+00 0.0000000e+00 0.0000000e+00
6.7016531e+04 5.4161753e+00 1.5000000e+02 9.2013032e-01 0.0000000e+00 0.0000000e+00 0.0000000e+00
1.4290462e+05 5.1181516e+00 9.6000000e+01 1.0396256e+00 0.0000000e+00 0.0000000e+00 0.0000000e+00
6.7016531e+04 5.4161753e+00 1.5000000e+02 -9.2013032e-01 0.0000000e+00 0.0000000e+00 0.0000000e+00
1.4290462e+05 5.1181516e+00 9.6000000e+01 9.6188474e-01 0.0000000e+00 0.0000000e+00 0.0000000e+00
3.1625160e+04 4.0461051e+00 1.2100000e+02 -1.1687519e-01 0.0000000e+00 0.0000000e+00 0.0000000e+00
1.3167499e+05 5.9201607e+00 7.0000000e+00 1.5230964e+00 0.0000000e+00 0.0000000e+00 0.0000000e+00
1.3168174e+05 5.2369471e+00 2.9000000e+01 -1.0202008e+00 0.0000000e+00 0.0000000e+00 0.0000000e+00
1.3167499e+05 5.9201607e+00 7.0000000e+00 -1.5230964e+00 0.0000000e+00 0.0000000e+00 0.0000000e+00
1.3168174e+05 5.2369471e+00 2.9000000e+01 -9.8019919e-01 0.0000000e+00 0.0000000e+00 0.0000000e+00
3.3089686e+04 3.7655124e+00 1.6600000e+02 -1.1145804e-01 0.0000000e+00 0.0000000e+00 0.0000000e+00
8.7742777e+04 0.0000000e+00 1.9000000e+02 0.0000000e+00 0.0000000e+00 0.0000000e+00 0.0000000e+00
1.2407707e+04 5.1327430e+00 1.0300000e+02 3.6239442e-01 0.0000000e+00 0.0000000e+00 0.0000000e+00
2.3950608e+05 6.0085606e+00 8.5000000e+01 1.1073834e+01 0.0000000e+00 0.0000000e+00 0.0000000e+00
1.8471924e+05 8.3828263e-01 9.3000000e+01 9.5074185e-08 0.0000000e+00 0.0000000e+00 0.0000000e+00
1.0079728e+04 6.1735199e+00 4.0000000e+01 1.4176190e+00 0.0000000e+00 0.0000000e+00 0.0000000e+00
8.7742777e+04 1.5598930e+00 1.9000000e+02 4.1983659e-05 0.0000000e+00 0.0000000e+00 0.0000000e+00
1.2407707e+04 6.5190374e+00 1.0300000e+02 7.7588146e-01 0.0000000e+00 0.0000000e+00 0.0000000e+00
2.3950608e+05 7.3948550e+00 8.5000000e+01 1.8242086e+00 0.0000000e+00 0.0000000e+00 0.0000000e+00
1.8471924e+05 2.2245770e+00 9.3000000e+01 1.7559642e-02 0.0000000e+00 0.0000000e+00 0.0000000e+00
1.0079728e+04 7.5598140e+00 9.0000000e+01 1.0911636e+00 0.0000000e+00 0.0000000e+00 0.0000000e+00
4.8889967e+04 6.9320937e+00 1.2500000e+02 5.5648767e+00 0.0000000e+00 0.0000000e+00 0.0000000e+00
1.2407707e+04 7.0229125e+00 8.2000000e+01 2.4955992e+00 0.0000000e+00 0.0000000e+00 0.0000000e+00
7.2556682e+05 6.3734463e+00 1.5200000e+02 1.5707963e+00 0.0000000e+00 0.0000000e+00 0.0000000e+00
1.8471924e+05 1.1453660e+01 8.0000000e+00 6.2834936e+00 0.0000000e+00 0.0000000e+00 0.0000000e+00
3.4975524e+04 7.1401370e+00 1.3500000e+02 4.7123890e+00 0.0000000e+00 0.0000000e+00 0.0000000e+00
4.8889967e+04 6.6004322e+00 1.2500000e+02 -3.9940804e+00 0.0000000e+00 0.0000000e+00 0.0000000e+00
1.2407707e+04 6.0302089e+00 8.2000000e+01 -9.2480287e-01 0.0000000e+00 0.0000000e+00 0.0000000e+00
7.2556682e+05 0.0000000e+00 1.5200000e+02 0.0000000e+00 0.0000000e+00 0.0000000e+00 0.0000000e+00
1.8471924e+05 1.1165994e+01 8.0000000e+00 -4.7126973e+00 0.0000000e+00 0.0000000e+00 0.0000000e+00
3.4975524e+04 6.7346719e+00 1.3500000e+02 -3.1415927e+00 0.0000000e+00 0.0000000e+00 0.0000000e+00
2.4919506e+04 inf 1.3700000e+02 0.0000000e+00 0.0000000e+00 0.0000000e+00 0.0000000e+00
2.4919506e+04 inf 1.3700000e+02 0.0000000e+00 0.0000000e+00 0.0000000e+00 0.0000000e+00
2.4919506e+04 inf 1.3700000e+02 0.0000000e+00 0.0000000e+00 0.0000000e+00 0.0000000e+00
2.4919506e+04 inf 1.3700000e+02 0.0000000e+00 0.0000000e+00 0.0000000e+00 0.0000000e+00
2.4919506e+04 inf 7.8000000e+01 0.0000000e+00 0.0000000e+00 0.0000000e+00 0.0000000e+00
2.4919506e+04 inf 1.3700000e+02 0.0000000e+00 0.0000000e+00 0.0000000e+00 0.0000000e+00
2.4919506e+04 inf 1.3700000e+02 0.0000000e+00 0.0000000e+00 0.0000000e+00 0.0000000e+00
2.4919506e+04 inf 1.3700000e+02 0.0000000e+00 0.0000000e+00 0.0000000e+00 0.0000000e+00
2.4919506e+04 inf 1.3700000e+02 0.0000000e+00 0.0000000e+00 0.0000000e+00 0.0000000e+00
2.4919506e+04 inf 7.8000000e+01 0.0000000e+00 0.0000000e+00 0.0000000e+00 0.0000000e+00
2.4919506e+04 8.9010614e+00 7.0000000e+01 9.9864877e-02 1.2351135e+00 0.0000000e+00 0.0000000e+00
2.4919506e+04 1.1017817e+01 1.7500000e+02 1.0860097e+00 1.5086472e+00 0.0000000e+00 0.0000000e+00
2.4919506e+04 8.9010614e+00 7.0000000e+01 9.9864877e-02 -1.2351135e+00 0.0000000e+00 0.0000000e+00
2.4919506e+04 1.1017817e+01 1.7500000e+02 1.0860097e+00 6.6284549e-01 0.0000000e+00 0.0000000e+00
2.4919506e+04 1.1769184e+01 1.4000000e+02 -1.8245273e+00 -8.8746340e+00 0.0000000e+00 0.0000000e+00
2.4919506e+04 1.1590895e+01 7.0000000e+01 1.4709314e+00 1.2351135e+00 0.0000000e+00 0.0000000e+00
2.4919506e+04 1.0211261e+01 1.7500000e+02 4.8478663e-01 1.5086472e+00 0.0000000e+00 0.0000000e+00
2.4919506e+04 1.1590895e+01 7.0000000e+01 1.4709314e+00 -1.2351135e+00 0.0000000e+00 0.0000000e+00
2.4919506e+04 1.0211261e+01 1.7500000e+02 4.8478663e-01 6.6284549e-01 0.0000000e+00 0.0000000e+00
2.4919506e+04 1.2390263e+01 1.4000000e+02 3.3953236e+00 -8.8746340e+00 0.0000000e+00 0.0000000e+00
3.5378270e+04 0.0000000e+00 1.3800000e+02 0.0000000e+00 0.0000000e+00 0.0000000e+00 0.0000000e+00
1.8475132e+05 0.0000000e+00 1.5400000e+02 0.0000000e+00 0.0000000e+00 0.0000000e+00 0.0000000e+00
6.6199006e+07 0.0000000e+00 1.1300000e+02 0.0000000e+00 0.0000000e+00 0.0000000e+00 0.0000000e+00
1.8475132e+05 0.0000000e+00 1.5400000e+02 0.0000000e+00 0.0000000e+00 0.0000000e+00 0.0000000e+00
2.1406974e+05 0.0000000e+00 6.5000000e+01 0.0000000e+00 0.0000000e+00 0.0000000e+00 0.0000000e+00
1.8475132e+05 0.0000000e+00 1.5400000e+02 0.0000000e+00 0.0000000e+00 0.0000000e+00 0.0000000e+00
1.9159843e+05 0.0000000e+00 2.2000000e+01 0.0000000e+00 0.0000000e+00 0.0000000e+00 0.0000000e+00
3.4975524e+04 0.0000000e+00 9.0000000e+00 0.0000000e+00 0.0000000e+00 0.0000000e+00 0.0000000e+00
