5.0816959448444795e+03 5.6588270000000000e-03 0.0000000000000000e+00 0.0000000000000000e+00 0.0000000000000000e+00 5.0751058000000003e+03 1.0449674000000000e+00 5.5451774444795623e+00
5.3312211449154674e+04 0.0000000000000000e+00 0.0000000000000000e+00 0.0000000000000000e+00 0.0000000000000000e+00 5.3307817000000003e+04 0.0000000000000000e+00 4.3944491546724391e+00
1.2418384920444480e+04 2.7594243999999999e+00 0.0000000000000000e+00 0.0000000000000000e+00 0.0000000000000000e+00 1.2407707000000000e+04 5.1327429999999996e+00 5.5451774444795623e+00
5.0867044002444791e+03 1.0025090000000001e+00 0.0000000000000000e+00 0.0000000000000000e+00 0.0000000000000000e+00 5.0753125000000000e+03 5.8467228000000002e+00 5.5451774444795623e+00
3.8155468350344483e+04 4.2406300000000002e-01 0.0000000000000000e+00 0.0000000000000000e+00 0.0000000000000000e+00 3.8143485000000001e+04 6.4381728999999996e+00 5.5451774444795623e+00
3.4981069177444479e+04 0.0000000000000000e+00 0.0000000000000000e+00 0.0000000000000000e+00 0.0000000000000000e+00 3.4975523999999998e+04 0.0000000000000000e+00 5.5451774444795623e+00
1.0386143477744479e+04 1.0538729000000000e+00 0.0000000000000000e+00 0.0000000000000000e+00 0.0000000000000000e+00 1.0372500000000000e+04 8.0983003000000000e+00 5.5451774444795623e+00
1.3168645533814447e+05 1.5230964000000000e+00 0.0000000000000000e+00 0.0000000000000000e+00 0.0000000000000000e+00 1.3167498999999999e+05 5.9201607000000003e+00 5.5451774444795623e+00
1.8473595117144447e+05 -4.7126973000000003e+00 0.0000000000000000e+00 0.0000000000000000e+00 0.0000000000000000e+00 1.8471923999999999e+05 1.1165994000000000e+01 5.5451774444795623e+00
3.4976910294361114e+04 0.0000000000000000e+00 0.0000000000000000e+00 0.0000000000000000e+00 0.0000000000000000e+00 3.4975523999999998e+04 0.0000000000000000e+00 1.3862943611198906e+00
6.1791632177444480e+04 0.0000000000000000e+00 0.0000000000000000e+00 0.0000000000000000e+00 0.0000000000000000e+00 6.1786087000000000e+04 0.0000000000000000e+00 5.5451774444795623e+00
3.4075113944491548e+06 0.0000000000000000e+00 0.0000000000000000e+00 0.0000000000000000e+00 0.0000000000000000e+00 3.4075070000000000e+06 0.0000000000000000e+00 4.3944491546724391e+00
6.0161834177444478e+04 0.0000000000000000e+00 0.0000000000000000e+00 0.0000000000000000e+00 0.0000000000000000e+00 6.0156288999999997e+04 0.0000000000000000e+00 5.5451774444795623e+00
5.6064789449154669e+04 0.0000000000000000e+00 0.0000000000000000e+00 0.0000000000000000e+00 0.0000000000000000e+00 5.6060394999999997e+04 0.0000000000000000e+00 4.3944491546724391e+00
7.8952294177444477e+04 0.0000000000000000e+00 0.0000000000000000e+00 0.0000000000000000e+00 0.0000000000000000e+00 7.8946748999999996e+04 0.0000000000000000e+00 5.5451774444795623e+00
2.1442757444915466e+05 0.0000000000000000e+00 0.0000000000000000e+00 0.0000000000000000e+00 0.0000000000000000e+00 2.1442317999999999e+05 0.0000000000000000e+00 4.3944491546724391e+00
inf 0.0000000000000000e+00 0.0000000000000000e+00 0.0000000000000000e+00 0.0000000000000000e+00 3.4975523999999998e+04 inf 4.3944491546724391e+00
1.1400726444915467e+05 0.0000000000000000e+00 0.0000000000000000e+00 0.0000000000000000e+00 0.0000000000000000e+00 1.1400287000000000e+05 0.0000000000000000e+00 4.3944491546724391e+00
4.6757132449154669e+04 0.0000000000000000e+00 0.0000000000000000e+00 0.0000000000000000e+00 0.0000000000000000e+00 4.6752737999999998e+04 0.0000000000000000e+00 4.3944491546724391e+00
4.3749282449154671e+04 0.0000000000000000e+00 0.0000000000000000e+00 0.0000000000000000e+00 0.0000000000000000e+00 4.3744887999999999e+04 0.0000000000000000e+00 4.3944491546724391e+00
6.7186050177444486e+04 0.0000000000000000e+00 0.0000000000000000e+00 0.0000000000000000e+00 0.0000000000000000e+00 6.7180505000000005e+04 0.0000000000000000e+00 5.5451774444795623e+00
6.3851124449154675e+04 0.0000000000000000e+00 0.0000000000000000e+00 0.0000000000000000e+00 0.0000000000000000e+00 6.3846730000000003e+04 0.0000000000000000e+00 4.3944491546724391e+00
1.9160282444915466e+05 0.0000000000000000e+00 0.0000000000000000e+00 0.0000000000000000e+00 0.0000000000000000e+00 1.9159842999999999e+05 0.0000000000000000e+00 4.3944491546724391e+00
8.5320685177444480e+04 0.0000000000000000e+00 0.0000000000000000e+00 0.0000000000000000e+00 0.0000000000000000e+00 8.5315139999999999e+04 0.0000000000000000e+00 5.5451774444795623e+00
9.2943001100644484e+04 -2.3844810000000001e+00 0.0000000000000000e+00 0.0000000000000000e+00 0.0000000000000000e+00 9.2931164000000004e+04 6.2919232000000003e+00 5.5451774444795623e+00
6.1955984439444911e+08 0.0000000000000000e+00 0.0000000000000000e+00 0.0000000000000000e+00 0.0000000000000000e+00 6.1955984000000000e+08 0.0000000000000000e+00 4.3944491546724391e+00
2.5491663444915466e+05 0.0000000000000000e+00 0.0000000000000000e+00 0.0000000000000000e+00 0.0000000000000000e+00 2.5491223999999999e+05 0.0000000000000000e+00 4.3944491546724391e+00
3.0861398444915470e+05 0.0000000000000000e+00 0.0000000000000000e+00 0.0000000000000000e+00 0.0000000000000000e+00 3.0860959000000003e+05 0.0000000000000000e+00 4.3944491546724391e+00
3.2987675449154674e+04 0.0000000000000000e+00 0.0000000000000000e+00 0.0000000000000000e+00 0.0000000000000000e+00 3.2983281000000003e+04 0.0000000000000000e+00 4.3944491546724391e+00
1.3169252212454446e+05 -1.0202008000000000e+00 0.0000000000000000e+00 0.0000000000000000e+00 0.0000000000000000e+00 1.3168173999999999e+05 5.2369471000000001e+00 5.5451774444795623e+00
1.8925776444915467e+05 0.0000000000000000e+00 0.0000000000000000e+00 0.0000000000000000e+00 0.0000000000000000e+00 1.8925337000000000e+05 0.0000000000000000e+00 4.3944491546724391e+00
6.6127402449154673e+04 0.0000000000000000e+00 0.0000000000000000e+00 0.0000000000000000e+00 0.0000000000000000e+00 6.6123008000000002e+04 0.0000000000000000e+00 4.3944491546724391e+00
3.4979918449154669e+04 0.0000000000000000e+00 0.0000000000000000e+00 0.0000000000000000e+00 0.0000000000000000e+00 3.4975523999999998e+04 0.0000000000000000e+00 4.3944491546724391e+00
9.6578246000043945e+12 0.0000000000000000e+00 0.0000000000000000e+00 0.0000000000000000e+00 0.0000000000000000e+00 9.6578246000000000e+12 0.0000000000000000e+00 4.3944491546724391e+00
3.4981069177444479e+04 0.0000000000000000e+00 0.0000000000000000e+00 0.0000000000000000e+00 0.0000000000000000e+00 3.4975523999999998e+04 0.0000000000000000e+00 5.5451774444795623e+00
5.9359856177444482e+04 0.0000000000000000e+00 0.0000000000000000e+00 0.0000000000000000e+00 0.0000000000000000e+00 5.9354311000000002e+04 0.0000000000000000e+00 5.5451774444795623e+00
4.9136091160954675e+04 1.4540376999999999e-01 0.0000000000000000e+00 0.0000000000000000e+00 0.0000000000000000e+00 4.9128493000000002e+04 3.2037118000000002e+00 4.3944491546724391e+00
8.8397910449154675e+04 0.0000000000000000e+00 0.0000000000000000e+00 0.0000000000000000e+00 0.0000000000000000e+00 8.8393516000000003e+04 0.0000000000000000e+00 4.3944491546724391e+00
7.7675312452444487e+04 2.6435368000000001e+00 0.0000000000000000e+00 0.0000000000000000e+00 0.0000000000000000e+00 7.7664531000000003e+04 5.2362750000000000e+00 5.5451774444795623e+00
6.7432229449154678e+04 0.0000000000000000e+00 0.0000000000000000e+00 0.0000000000000000e+00 0.0000000000000000e+00 6.7427835000000006e+04 0.0000000000000000e+00 4.3944491546724391e+00
1.0091446697344478e+04 1.4176190000000000e+00 0.0000000000000000e+00 0.0000000000000000e+00 0.0000000000000000e+00 1.0079727999999999e+04 6.1735198999999996e+00 5.5451774444795623e+00
9.0467776449154670e+04 0.0000000000000000e+00 0.0000000000000000e+00 0.0000000000000000e+00 0.0000000000000000e+00 9.0463381999999998e+04 0.0000000000000000e+00 4.3944491546724391e+00
6.0790369449154670e+04 0.0000000000000000e+00 0.0000000000000000e+00 0.0000000000000000e+00 0.0000000000000000e+00 6.0785974999999999e+04 0.0000000000000000e+00 4.3944491546724391e+00
8.5181527449154673e+04 0.0000000000000000e+00 0.0000000000000000e+00 0.0000000000000000e+00 0.0000000000000000e+00 8.5177133000000002e+04 0.0000000000000000e+00 4.3944491546724391e+00
3.3742830439444917e+08 0.0000000000000000e+00 0.0000000000000000e+00 0.0000000000000000e+00 0.0000000000000000e+00 3.3742830000000000e+08 0.0000000000000000e+00 4.3944491546724391e+00
1.2185168444915467e+05 0.0000000000000000e+00 0.0000000000000000e+00 0.0000000000000000e+00 0.0000000000000000e+00 1.2184728999999999e+05 0.0000000000000000e+00 4.3944491546724391e+00
8.1550651449154670e+04 0.0000000000000000e+00 0.0000000000000000e+00 0.0000000000000000e+00 0.0000000000000000e+00 8.1546256999999998e+04 0.0000000000000000e+00 4.3944491546724391e+00
1.0709832444915466e+05 0.0000000000000000e+00 0.0000000000000000e+00 0.0000000000000000e+00 0.0000000000000000e+00 1.0709392999999999e+05 0.0000000000000000e+00 4.3944491546724391e+00
9.7890164449154676e+04 0.0000000000000000e+00 0.0000000000000000e+00 0.0000000000000000e+00 0.0000000000000000e+00 9.7885770000000004e+04 0.0000000000000000e+00 4.3944491546724391e+00
5.0860112530444794e+03 1.0050243000000001e+00 0.0000000000000000e+00 0.0000000000000000e+00 0.0000000000000000e+00 5.0753125000000000e+03 5.1535755999999999e+00 5.5451774444795623e+00
4.6548095394449152e+07 0.0000000000000000e+00 0.0000000000000000e+00 0.0000000000000000e+00 0.0000000000000000e+00 4.6548091000000000e+07 0.0000000000000000e+00 4.3944491546724391e+00
1.8474477185254448e+05 4.4460246999999997e-06 0.0000000000000000e+00 0.0000000000000000e+00 0.0000000000000000e+00 1.8473814000000001e+05 1.0866750999999999e+00 5.5451774444795623e+00
2.4934783714154673e+04 2.2730370000000000e+00 2.8998295000000001e+00 0.0000000000000000e+00 0.0000000000000000e+00 2.4919506000000001e+04 1.0883265000000000e+01 4.3944491546724391e+00
5.0869654671444787e+03 1.0020140000000000e+00 0.0000000000000000e+00 0.0000000000000000e+00 0.0000000000000000e+00 5.0762506999999996e+03 5.1695897000000004e+00 5.5451774444795623e+00
4.3077606415744485e+04 5.3512757000000000e-01 0.0000000000000000e+00 0.0000000000000000e+00 0.0000000000000000e+00 4.3066417000000001e+04 5.6442382999999996e+00 5.5451774444795623e+00
3.3636481060444479e+04 1.1375344000000000e-01 0.0000000000000000e+00 0.0000000000000000e+00 0.0000000000000000e+00 3.3628322000000000e+04 2.6138830000000000e+00 5.5451774444795623e+00
1.4297095517744447e+05 0.0000000000000000e+00 0.0000000000000000e+00 0.0000000000000000e+00 0.0000000000000000e+00 1.4296541000000000e+05 0.0000000000000000e+00 5.5451774444795623e+00
3.4986126509544476e+04 2.4674010000000002e+00 0.0000000000000000e+00 0.0000000000000000e+00 0.0000000000000000e+00 3.4975523999999998e+04 5.0573321000000000e+00 5.5451774444795623e+00
1.1943948444915467e+05 0.0000000000000000e+00 0.0000000000000000e+00 0.0000000000000000e+00 0.0000000000000000e+00 1.1943509000000000e+05 0.0000000000000000e+00 4.3944491546724391e+00
3.4984975781254667e+04 -1.5707963000000000e+00 0.0000000000000000e+00 0.0000000000000000e+00 0.0000000000000000e+00 3.4975523999999998e+04 5.0573321000000000e+00 4.3944491546724391e+00
3.2273325103744479e+04 -3.1189032999999999e-01 0.0000000000000000e+00 0.0000000000000000e+00 0.0000000000000000e+00 3.2264332999999999e+04 3.4469262999999999e+00 5.5451774444795623e+00
5.0868672782444792e+03 5.2476197000000002e-01 0.0000000000000000e+00 0.0000000000000000e+00 0.0000000000000000e+00 5.0762506999999996e+03 5.0714008000000002e+00 5.5451774444795623e+00
9.1699730177444479e+04 0.0000000000000000e+00 0.0000000000000000e+00 0.0000000000000000e+00 0.0000000000000000e+00 9.1694184999999998e+04 0.0000000000000000e+00 5.5451774444795623e+00
5.8567141177444479e+04 0.0000000000000000e+00 0.0000000000000000e+00 0.0000000000000000e+00 0.0000000000000000e+00 5.8561595999999998e+04 0.0000000000000000e+00 5.5451774444795623e+00
4.0561053177444483e+04 0.0000000000000000e+00 0.0000000000000000e+00 0.0000000000000000e+00 0.0000000000000000e+00 4.0555508000000002e+04 0.0000000000000000e+00 5.5451774444795623e+00
2.1407413444915466e+05 0.0000000000000000e+00 0.0000000000000000e+00 0.0000000000000000e+00 0.0000000000000000e+00 2.1406973999999999e+05 0.0000000000000000e+00 4.3944491546724391e+00
3.4984629207654667e+04 2.4674010000000002e+00 0.0000000000000000e+00 0.0000000000000000e+00 0.0000000000000000e+00 3.4975523999999998e+04 4.7107584999999998e+00 4.3944491546724391e+00
1.2027309444915467e+05 0.0000000000000000e+00 0.0000000000000000e+00 0.0000000000000000e+00 0.0000000000000000e+00 1.2026870000000000e+05 0.0000000000000000e+00 4.3944491546724391e+00
1.6453451000043945e+12 0.0000000000000000e+00 0.0000000000000000e+00 0.0000000000000000e+00 0.0000000000000000e+00 1.6453451000000000e+12 0.0000000000000000e+00 4.3944491546724391e+00
6.5412584444915468e+05 0.0000000000000000e+00 0.0000000000000000e+00 0.0000000000000000e+00 0.0000000000000000e+00 6.5412144999999995e+05 0.0000000000000000e+00 4.3944491546724391e+00
2.4932801510554673e+04 9.9864877000000005e-02 1.2351135000000000e+00 0.0000000000000000e+00 0.0000000000000000e+00 2.4919506000000001e+04 8.9010613999999997e+00 4.3944491546724391e+00
1.3792375331444478e+04 1.1465285000000001e+00 0.0000000000000000e+00 0.0000000000000000e+00 0.0000000000000000e+00 1.3781194000000000e+04 5.6361540000000003e+00 5.5451774444795623e+00
1.4686032258872222e+05 0.0000000000000000e+00 0.0000000000000000e+00 0.0000000000000000e+00 0.0000000000000000e+00 1.4685754999999999e+05 0.0000000000000000e+00 2.7725887222397811e+00
2.4932763962754674e+04 1.2917297999999999e+00 2.5476003000000003e-01 0.0000000000000000e+00 0.0000000000000000e+00 2.4919506000000001e+04 8.8635135999999992e+00 4.3944491546724391e+00
3.3978313517744449e+05 0.0000000000000000e+00 0.0000000000000000e+00 0.0000000000000000e+00 0.0000000000000000e+00 3.3977759000000003e+05 0.0000000000000000e+00 5.5451774444795623e+00
4.8181160444915469e+05 0.0000000000000000e+00 0.0000000000000000e+00 0.0000000000000000e+00 0.0000000000000000e+00 4.8180721000000002e+05 0.0000000000000000e+00 4.3944491546724391e+00
2.9909584444915468e+05 0.0000000000000000e+00 0.0000000000000000e+00 0.0000000000000000e+00 0.0000000000000000e+00 2.9909145000000001e+05 0.0000000000000000e+00 4.3944491546724391e+00
1.1990849999999999e+22 0.0000000000000000e+00 0.0000000000000000e+00 0.0000000000000000e+00 0.0000000000000000e+00 1.1990849999999999e+22 0.0000000000000000e+00 4.3944491546724391e+00
2.4928995508154672e+04 1.7817244000000001e+00 0.0000000000000000e+00 0.0000000000000000e+00 0.0000000000000000e+00 2.4919506000000001e+04 5.0950590000000000e+00 4.3944491546724391e+00
4.6460438177444477e+04 0.0000000000000000e+00 0.0000000000000000e+00 0.0000000000000000e+00 0.0000000000000000e+00 4.6454892999999996e+04 0.0000000000000000e+00 5.5451774444795623e+00
3.4979918449154669e+04 0.0000000000000000e+00 0.0000000000000000e+00 0.0000000000000000e+00 0.0000000000000000e+00 3.4975523999999998e+04 0.0000000000000000e+00 4.3944491546724391e+00
inf 0.0000000000000000e+00 0.0000000000000000e+00 0.0000000000000000e+00 0.0000000000000000e+00 3.4975523999999998e+04 inf 5.5451774444795623e+00
1.2419282386344479e+04 -9.2480287000000005e-01 0.0000000000000000e+00 0.0000000000000000e+00 0.0000000000000000e+00 1.2407707000000000e+04 6.0302088999999999e+00 5.5451774444795623e+00
4.8899900065544476e+04 4.3311150999999998e-01 0.0000000000000000e+00 0.0000000000000000e+00 0.0000000000000000e+00 4.8889966999999997e+04 4.3878880999999996e+00 5.5451774444795623e+00
2.9417075919744482e+04 1.7494947000000001e+00 0.0000000000000000e+00 0.0000000000000000e+00 0.0000000000000000e+00 2.9405472000000002e+04 6.0587422999999996e+00 5.5451774444795623e+00
2.3951763373804445e+05 1.1073834000000000e+01 0.0000000000000000e+00 0.0000000000000000e+00 0.0000000000000000e+00 2.3950607999999999e+05 6.0085606000000000e+00 5.5451774444795623e+00
2.1781397000002773e+13 0.0000000000000000e+00 0.0000000000000000e+00 0.0000000000000000e+00 0.0000000000000000e+00 2.1781397000000000e+13 0.0000000000000000e+00 2.7725887222397811e+00
6.9979070177444475e+04 0.0000000000000000e+00 0.0000000000000000e+00 0.0000000000000000e+00 0.0000000000000000e+00 6.9973524999999994e+04 0.0000000000000000e+00 5.5451774444795623e+00
6.6435769449154672e+04 0.0000000000000000e+00 0.0000000000000000e+00 0.0000000000000000e+00 0.0000000000000000e+00 6.6431375000000000e+04 0.0000000000000000e+00 4.3944491546724391e+00
5.7023905177444482e+04 0.0000000000000000e+00 0.0000000000000000e+00 0.0000000000000000e+00 0.0000000000000000e+00 5.7018360000000001e+04 0.0000000000000000e+00 5.5451774444795623e+00
1.0092832991444478e+04 1.0911636000000000e+00 0.0000000000000000e+00 0.0000000000000000e+00 0.0000000000000000e+00 1.0079727999999999e+04 7.5598140000000003e+00 5.5451774444795623e+00
2.4925987353322242e+04 1.0077716000000001e+01 0.0000000000000000e+00 0.0000000000000000e+00 0.0000000000000000e+00 2.4919506000000001e+04 3.7087645999999999e+00 2.7725887222397811e+00
1.6360749517744448e+05 0.0000000000000000e+00 0.0000000000000000e+00 0.0000000000000000e+00 0.0000000000000000e+00 1.6360195000000001e+05 0.0000000000000000e+00 5.5451774444795623e+00
1.8472562346007445e+05 9.5074185000000004e-08 0.0000000000000000e+00 0.0000000000000000e+00 0.0000000000000000e+00 1.8471923999999999e+05 8.3828263000000003e-01 5.5451774444795623e+00
2.2523934004394447e+10 0.0000000000000000e+00 0.0000000000000000e+00 0.0000000000000000e+00 0.0000000000000000e+00 2.2523934000000000e+10 0.0000000000000000e+00 4.3944491546724391e+00
1.1060002944491545e+06 0.0000000000000000e+00 0.0000000000000000e+00 0.0000000000000000e+00 0.0000000000000000e+00 1.1059958999999999e+06 0.0000000000000000e+00 4.3944491546724391e+00
1.4291528332904447e+05 1.0396255999999999e+00 0.0000000000000000e+00 0.0000000000000000e+00 0.0000000000000000e+00 1.4290462000000000e+05 5.1181516000000000e+00 5.5451774444795623e+00
4.6761729209954668e+04 2.4674010000000002e+00 0.0000000000000000e+00 0.0000000000000000e+00 0.0000000000000000e+00 4.6752737999999998e+04 4.5967608000000002e+00 4.3944491546724391e+00
6.1337501177444479e+04 0.0000000000000000e+00 0.0000000000000000e+00 0.0000000000000000e+00 0.0000000000000000e+00 6.1331955999999998e+04 0.0000000000000000e+00 5.5451774444795623e+00
3.3753439439444917e+08 0.0000000000000000e+00 0.0000000000000000e+00 0.0000000000000000e+00 0.0000000000000000e+00 3.3753439000000000e+08 0.0000000000000000e+00 4.3944491546724391e+00
1.8474057413564445e+05 -8.1786917000000001e-05 0.0000000000000000e+00 0.0000000000000000e+00 0.0000000000000000e+00 1.8473379999999999e+05 1.2289581999999999e+00 5.5451774444795623e+00
2.3981985371349445e+06 6.6362174999999999e+00 0.0000000000000000e+00 0.0000000000000000e+00 0.0000000000000000e+00 2.3981856000000001e+06 7.3919575000000002e+00 5.5451774444795623e+00
5.0808323491546726e+03 0.0000000000000000e+00 0.0000000000000000e+00 0.0000000000000000e+00 0.0000000000000000e+00 5.0764378999999999e+03 0.0000000000000000e+00 4.3944491546724391e+00
1.2418384920444480e+04 3.6239441999999999e-01 0.0000000000000000e+00 0.0000000000000000e+00 0.0000000000000000e+00 1.2407707000000000e+04 5.1327429999999996e+00 5.5451774444795623e+00
3.2495760449154674e+04 0.0000000000000000e+00 0.0000000000000000e+00 0.0000000000000000e+00 0.0000000000000000e+00 3.2491366000000002e+04 0.0000000000000000e+00 4.3944491546724391e+00
3.4979918449154669e+04 0.0000000000000000e+00 0.0000000000000000e+00 0.0000000000000000e+00 0.0000000000000000e+00 3.4975523999999998e+04 0.0000000000000000e+00 4.3944491546724391e+00
3.4312890449154671e+04 0.0000000000000000e+00 0.0000000000000000e+00 0.0000000000000000e+00 0.0000000000000000e+00 3.4308495999999999e+04 0.0000000000000000e+00 4.3944491546724391e+00
1.5796702042534447e+05 2.9663223999999999e-01 0.0000000000000000e+00 0.0000000000000000e+00 0.0000000000000000e+00 1.5795657999999999e+05 4.8952479000000002e+00 5.5451774444795623e+00
5.3561527449154673e+04 0.0000000000000000e+00 0.0000000000000000e+00 0.0000000000000000e+00 0.0000000000000000e+00 5.3557133000000002e+04 0.0000000000000000e+00 4.3944491546724391e+00
3.4986767540754670e+04 -4.7123889999999999e+00 0.0000000000000000e+00 0.0000000000000000e+00 0.0000000000000000e+00 3.4975523999999998e+04 6.8490916000000004e+00 4.3944491546724391e+00
4.6758283177444478e+04 0.0000000000000000e+00 0.0000000000000000e+00 0.0000000000000000e+00 0.0000000000000000e+00 4.6752737999999998e+04 0.0000000000000000e+00 5.5451774444795623e+00
1.0076133517744447e+05 0.0000000000000000e+00 0.0000000000000000e+00 0.0000000000000000e+00 0.0000000000000000e+00 1.0075578999999999e+05 0.0000000000000000e+00 5.5451774444795623e+00
4.7201198449154668e+04 0.0000000000000000e+00 0.0000000000000000e+00 0.0000000000000000e+00 0.0000000000000000e+00 4.7196803999999996e+04 0.0000000000000000e+00 4.3944491546724391e+00
6.6199010394449152e+07 0.0000000000000000e+00 0.0000000000000000e+00 0.0000000000000000e+00 0.0000000000000000e+00 6.6199006000000000e+07 0.0000000000000000e+00 4.3944491546724391e+00
2.2676721444915468e+05 0.0000000000000000e+00 0.0000000000000000e+00 0.0000000000000000e+00 0.0000000000000000e+00 2.2676282000000001e+05 0.0000000000000000e+00 4.3944491546724391e+00
2.3391021588722240e+04 0.0000000000000000e+00 0.0000000000000000e+00 0.0000000000000000e+00 0.0000000000000000e+00 2.3388249000000000e+04 0.0000000000000000e+00 2.7725887222397811e+00
1.4992120467014448e+05 -1.7914055000000000e+00 0.0000000000000000e+00 0.0000000000000000e+00 0.0000000000000000e+00 1.4990872000000000e+05 6.9394926999999997e+00 5.5451774444795623e+00
5.0862723199444790e+03 2.5100802999999999e-01 0.0000000000000000e+00 0.0000000000000000e+00 0.0000000000000000e+00 5.0762506999999996e+03 4.4764425000000001e+00 5.5451774444795623e+00
1.4411933444915467e+05 0.0000000000000000e+00 0.0000000000000000e+00 0.0000000000000000e+00 0.0000000000000000e+00 1.4411494000000000e+05 0.0000000000000000e+00 4.3944491546724391e+00
3.4984975781254667e+04 9.8696041000000001e+00 0.0000000000000000e+00 0.0000000000000000e+00 0.0000000000000000e+00 3.4975523999999998e+04 5.0573321000000000e+00 4.3944491546724391e+00
2.4933856511754671e+04 2.2556169000000001e+00 -4.0065836999999999e-01 0.0000000000000000e+00 0.0000000000000000e+00 2.4919506000000001e+04 9.9560625999999992e+00 4.3944491546724391e+00
3.1634751282544479e+04 -1.1687519000000000e-01 0.0000000000000000e+00 0.0000000000000000e+00 0.0000000000000000e+00 3.1625160000000000e+04 4.0461051000000001e+00 5.5451774444795623e+00
3.4979918449154669e+04 0.0000000000000000e+00 0.0000000000000000e+00 0.0000000000000000e+00 0.0000000000000000e+00 3.4975523999999998e+04 0.0000000000000000e+00 4.3944491546724391e+00
1.6763385225001448e+06 -3.9665925999999998e+00 0.0000000000000000e+00 0.0000000000000000e+00 0.0000000000000000e+00 1.6763261000000001e+06 6.8773226999999997e+00 5.5451774444795623e+00
5.7651667588722237e+04 0.0000000000000000e+00 0.0000000000000000e+00 0.0000000000000000e+00 0.0000000000000000e+00 5.7648894999999997e+04 0.0000000000000000e+00 2.7725887222397811e+00
4.8902112609644479e+04 -3.9940804000000001e+00 0.0000000000000000e+00 0.0000000000000000e+00 0.0000000000000000e+00 4.8889966999999997e+04 6.6004322000000002e+00 5.5451774444795623e+00
5.0860112529444796e+03 9.9500089999999997e-01 0.0000000000000000e+00 0.0000000000000000e+00 0.0000000000000000e+00 5.0753125000000000e+03 5.1535754999999996e+00 5.5451774444795623e+00
3.4986015502054666e+04 -3.1415926999999999e+00 0.0000000000000000e+00 0.0000000000000000e+00 0.0000000000000000e+00 3.4975523999999998e+04 6.0970529000000004e+00 4.3944491546724391e+00
3.0877557944491548e+06 0.0000000000000000e+00 0.0000000000000000e+00 0.0000000000000000e+00 0.0000000000000000e+00 3.0877513999999999e+06 0.0000000000000000e+00 4.3944491546724391e+00
7.0780610449154672e+04 0.0000000000000000e+00 0.0000000000000000e+00 0.0000000000000000e+00 0.0000000000000000e+00 7.0776216000000000e+04 0.0000000000000000e+00 4.3944491546724391e+00
5.6332867177444481e+04 0.0000000000000000e+00 0.0000000000000000e+00 0.0000000000000000e+00 0.0000000000000000e+00 5.6327322000000000e+04 0.0000000000000000e+00 5.5451774444795623e+00
1.5982065944491546e+06 0.0000000000000000e+00 0.0000000000000000e+00 0.0000000000000000e+00 0.0000000000000000e+00 1.5982022000000000e+06 0.0000000000000000e+00 4.3944491546724391e+00
1.2916247944491545e+06 0.0000000000000000e+00 0.0000000000000000e+00 0.0000000000000000e+00 0.0000000000000000e+00 1.2916203999999999e+06 0.0000000000000000e+00 4.3944491546724391e+00
8.7748322177444483e+04 0.0000000000000000e+00 0.0000000000000000e+00 0.0000000000000000e+00 0.0000000000000000e+00 8.7742777000000002e+04 0.0000000000000000e+00 5.5451774444795623e+00
1.3107765444915468e+05 0.0000000000000000e+00 0.0000000000000000e+00 0.0000000000000000e+00 0.0000000000000000e+00 1.3107326000000001e+05 0.0000000000000000e+00 4.3944491546724391e+00
3.4987803849344476e+04 -3.1415926999999999e+00 0.0000000000000000e+00 0.0000000000000000e+00 0.0000000000000000e+00 3.4975523999999998e+04 6.7346719000000004e+00 5.5451774444795623e+00
3.2673697601944481e+04 3.9883357000000003e-01 0.0000000000000000e+00 0.0000000000000000e+00 0.0000000000000000e+00 3.2663420999999998e+04 4.7314245000000001e+00 5.5451774444795623e+00
inf 0.0000000000000000e+00 0.0000000000000000e+00 0.0000000000000000e+00 0.0000000000000000e+00 2.4919506000000001e+04 inf 4.3944491546724391e+00
3.5382664449154669e+04 0.0000000000000000e+00 0.0000000000000000e+00 0.0000000000000000e+00 0.0000000000000000e+00 3.5378269999999997e+04 0.0000000000000000e+00 4.3944491546724391e+00
3.8458599177444477e+04 0.0000000000000000e+00 0.0000000000000000e+00 0.0000000000000000e+00 0.0000000000000000e+00 3.8453053999999996e+04 0.0000000000000000e+00 5.5451774444795623e+00
2.4935669633154674e+04 -1.8245273000000000e+00 -8.8746340000000004e+00 0.0000000000000000e+00 0.0000000000000000e+00 2.4919506000000001e+04 1.1769183999999999e+01 4.3944491546724391e+00
8.7747171449154674e+04 0.0000000000000000e+00 0.0000000000000000e+00 0.0000000000000000e+00 0.0000000000000000e+00 8.7742777000000002e+04 0.0000000000000000e+00 4.3944491546724391e+00
3.4986473083144476e+04 1.5707963000000000e+00 0.0000000000000000e+00 0.0000000000000000e+00 0.0000000000000000e+00 3.4975523999999998e+04 5.4039057000000001e+00 5.5451774444795623e+00
4.6763867542954671e+04 4.7123889999999999e+00 0.0000000000000000e+00 0.0000000000000000e+00 0.0000000000000000e+00 4.6752737999999998e+04 6.7350937999999996e+00 4.3944491546724391e+00
1.2058212444915467e+05 0.0000000000000000e+00 0.0000000000000000e+00 0.0000000000000000e+00 0.0000000000000000e+00 1.2057773000000000e+05 0.0000000000000000e+00 4.3944491546724391e+00
1.3367043444915468e+05 0.0000000000000000e+00 0.0000000000000000e+00 0.0000000000000000e+00 0.0000000000000000e+00 1.3366604000000001e+05 0.0000000000000000e+00 4.3944491546724391e+00
2.1546308444915467e+05 0.0000000000000000e+00 0.0000000000000000e+00 0.0000000000000000e+00 0.0000000000000000e+00 2.1545869000000000e+05 0.0000000000000000e+00 4.3944491546724391e+00
4.5355247588722239e+04 0.0000000000000000e+00 0.0000000000000000e+00 0.0000000000000000e+00 0.0000000000000000e+00 4.5352474999999999e+04 0.0000000000000000e+00 2.7725887222397811e+00
1.5466380944491546e+06 0.0000000000000000e+00 0.0000000000000000e+00 0.0000000000000000e+00 0.0000000000000000e+00 1.5466337000000000e+06 0.0000000000000000e+00 4.3944491546724391e+00
1.5796632727824445e+05 8.7990685999999999e-02 0.0000000000000000e+00 0.0000000000000000e+00 0.0000000000000000e+00 1.5795657999999999e+05 4.2021008000000002e+00 5.5451774444795623e+00
6.7027492352744477e+04 9.2013031999999995e-01 0.0000000000000000e+00 0.0000000000000000e+00 0.0000000000000000e+00 6.7016531000000003e+04 5.4161752999999999e+00 5.5451774444795623e+00
1.8844444444915466e+05 0.0000000000000000e+00 0.0000000000000000e+00 0.0000000000000000e+00 0.0000000000000000e+00 1.8844004999999999e+05 0.0000000000000000e+00 4.3944491546724391e+00
7.2557236517744442e+05 0.0000000000000000e+00 0.0000000000000000e+00 0.0000000000000000e+00 0.0000000000000000e+00 7.2556681999999995e+05 0.0000000000000000e+00 5.5451774444795623e+00
4.3018819177444479e+04 0.0000000000000000e+00 0.0000000000000000e+00 0.0000000000000000e+00 0.0000000000000000e+00 4.3013273999999998e+04 0.0000000000000000e+00 5.5451774444795623e+00
1.8475270629436112e+05 0.0000000000000000e+00 0.0000000000000000e+00 0.0000000000000000e+00 0.0000000000000000e+00 1.8475132000000001e+05 0.0000000000000000e+00 1.3862943611198906e+00
3.4981069177444479e+04 0.0000000000000000e+00 0.0000000000000000e+00 0.0000000000000000e+00 0.0000000000000000e+00 3.4975523999999998e+04 0.0000000000000000e+00 5.5451774444795623e+00
1.3847429657044479e+04 1.3205252000000001e+00 0.0000000000000000e+00 0.0000000000000000e+00 0.0000000000000000e+00 1.3835605000000000e+04 6.2794796000000002e+00 5.5451774444795623e+00
1.8475773685584447e+05 1.7786569000000001e-08 0.0000000000000000e+00 0.0000000000000000e+00 0.0000000000000000e+00 1.8475042000000001e+05 1.7716784000000001e+00 5.5451774444795623e+00
3.4984282634054667e+04 2.4674010000000002e+00 0.0000000000000000e+00 0.0000000000000000e+00 0.0000000000000000e+00 3.4975523999999998e+04 4.3641848999999997e+00 4.3944491546724391e+00
4.7136058449154669e+04 0.0000000000000000e+00 0.0000000000000000e+00 0.0000000000000000e+00 0.0000000000000000e+00 4.7131663999999997e+04 0.0000000000000000e+00 4.3944491546724391e+00
9.2941925936744490e+04 -8.1368465000000001e-01 0.0000000000000000e+00 0.0000000000000000e+00 0.0000000000000000e+00 9.2931164000000004e+04 5.2167592999999997e+00 5.5451774444795623e+00
1.4992120467014448e+05 1.7914055000000000e+00 0.0000000000000000e+00 0.0000000000000000e+00 0.0000000000000000e+00 1.4990872000000000e+05 6.9394926999999997e+00 5.5451774444795623e+00
2.4497608444915467e+05 0.0000000000000000e+00 0.0000000000000000e+00 0.0000000000000000e+00 0.0000000000000000e+00 2.4497169000000000e+05 0.0000000000000000e+00 4.3944491546724391e+00
9.8279350449154677e+04 0.0000000000000000e+00 0.0000000000000000e+00 0.0000000000000000e+00 0.0000000000000000e+00 9.8274956000000006e+04 0.0000000000000000e+00 4.3944491546724391e+00
4.9536576449154672e+04 0.0000000000000000e+00 0.0000000000000000e+00 0.0000000000000000e+00 0.0000000000000000e+00 4.9532182000000001e+04 0.0000000000000000e+00 4.3944491546724391e+00
4.3836277449154673e+04 0.0000000000000000e+00 0.0000000000000000e+00 0.0000000000000000e+00 0.0000000000000000e+00 4.3831883000000002e+04 0.0000000000000000e+00 4.3944491546724391e+00
3.3098996689844484e+04 -1.1145803999999999e-01 0.0000000000000000e+00 0.0000000000000000e+00 0.0000000000000000e+00 3.3089686000000002e+04 3.7655124000000000e+00 5.5451774444795623e+00
4.6758283177444478e+04 0.0000000000000000e+00 0.0000000000000000e+00 0.0000000000000000e+00 0.0000000000000000e+00 4.6752737999999998e+04 0.0000000000000000e+00 5.5451774444795623e+00
5.8350251944491547e+06 0.0000000000000000e+00 0.0000000000000000e+00 0.0000000000000000e+00 0.0000000000000000e+00 5.8350207999999998e+06 0.0000000000000000e+00 4.3944491546724391e+00
8.9773028444915474e+05 0.0000000000000000e+00 0.0000000000000000e+00 0.0000000000000000e+00 0.0000000000000000e+00 8.9772589000000001e+05 0.0000000000000000e+00 4.3944491546724391e+00
3.4670532958244483e+04 1.1039182000000001e+00 0.0000000000000000e+00 0.0000000000000000e+00 0.0000000000000000e+00 3.4659955000000002e+04 5.0327808000000003e+00 5.5451774444795623e+00
1.8408830444915468e+05 0.0000000000000000e+00 0.0000000000000000e+00 0.0000000000000000e+00 0.0000000000000000e+00 1.8408391000000000e+05 0.0000000000000000e+00 4.3944491546724391e+00
1.8797085517744446e+05 0.0000000000000000e+00 0.0000000000000000e+00 0.0000000000000000e+00 0.0000000000000000e+00 1.8796531000000000e+05 0.0000000000000000e+00 5.5451774444795623e+00
4.6763520969354671e+04 -4.7123889999999999e+00 0.0000000000000000e+00 0.0000000000000000e+00 0.0000000000000000e+00 4.6752737999999998e+04 6.3885202000000003e+00 4.3944491546724391e+00
4.7779241449154673e+04 0.0000000000000000e+00 0.0000000000000000e+00 0.0000000000000000e+00 0.0000000000000000e+00 4.7774847000000002e+04 0.0000000000000000e+00 4.3944491546724391e+00
2.4934111710154673e+04 1.5086472000000000e+00 4.8478663000000000e-01 0.0000000000000000e+00 0.0000000000000000e+00 2.4919506000000001e+04 1.0211261000000000e+01 4.3944491546724391e+00
2.0770596944491547e+06 0.0000000000000000e+00 0.0000000000000000e+00 0.0000000000000000e+00 0.0000000000000000e+00 2.0770553000000000e+06 0.0000000000000000e+00 4.3944491546724391e+00
3.4981862623674482e+04 3.1410496000000001e+00 0.0000000000000000e+00 0.0000000000000000e+00 0.0000000000000000e+00 3.4975523999999998e+04 7.9344623000000003e-01 5.5451774444795623e+00
3.4983936060454667e+04 6.0880682000000004e+00 0.0000000000000000e+00 0.0000000000000000e+00 0.0000000000000000e+00 3.4975523999999998e+04 4.0176113000000004e+00 4.3944491546724391e+00
5.7979267128644482e+04 -1.4958240000000000e+00 0.0000000000000000e+00 0.0000000000000000e+00 0.0000000000000000e+00 5.7970389000000003e+04 3.3329512000000001e+00 5.5451774444795623e+00
3.4335781192644477e+04 1.1522561000000000e+00 0.0000000000000000e+00 0.0000000000000000e+00 0.0000000000000000e+00 3.4323578999999998e+04 6.6570152000000000e+00 5.5451774444795623e+00
9.2942977089144479e+04 -2.3279079999999999e+00 0.0000000000000000e+00 0.0000000000000000e+00 0.0000000000000000e+00 9.2931164000000004e+04 6.2679117000000000e+00 5.5451774444795623e+00
3.5001299449154671e+04 0.0000000000000000e+00 0.0000000000000000e+00 0.0000000000000000e+00 0.0000000000000000e+00 3.4996904999999999e+04 0.0000000000000000e+00 4.3944491546724391e+00
4.7948839444915467e+05 0.0000000000000000e+00 0.0000000000000000e+00 0.0000000000000000e+00 0.0000000000000000e+00 4.7948400000000000e+05 0.0000000000000000e+00 4.3944491546724391e+00
3.8154775203144483e+04 1.7982943000000001e-01 0.0000000000000000e+00 0.0000000000000000e+00 0.0000000000000000e+00 3.8143485000000001e+04 5.7450257000000002e+00 5.5451774444795623e+00
8.7579674170444778e+03 5.3806491999999995e-01 0.0000000000000000e+00 0.0000000000000000e+00 0.0000000000000000e+00 8.7468459999999995e+03 5.5762396000000001e+00 5.5451774444795623e+00
2.0503495444915467e+05 0.0000000000000000e+00 0.0000000000000000e+00 0.0000000000000000e+00 0.0000000000000000e+00 2.0503056000000000e+05 0.0000000000000000e+00 4.3944491546724391e+00
8.4776342878044481e+04 2.6652163999999998e+00 0.0000000000000000e+00 0.0000000000000000e+00 0.0000000000000000e+00 8.4764317999999999e+04 6.4797006000000001e+00 5.5451774444795623e+00
1.0091886444915467e+05 0.0000000000000000e+00 0.0000000000000000e+00 0.0000000000000000e+00 0.0000000000000000e+00 1.0091447000000000e+05 0.0000000000000000e+00 4.3944491546724391e+00
2.4933339918954673e+04 1.9294863000000000e+00 4.5491963000000002e-01 0.0000000000000000e+00 0.0000000000000000e+00 2.4919506000000001e+04 9.4394697999999995e+00 4.3944491546724391e+00
8.7748322177444483e+04 0.0000000000000000e+00 0.0000000000000000e+00 0.0000000000000000e+00 0.0000000000000000e+00 8.7742777000000002e+04 0.0000000000000000e+00 5.5451774444795623e+00
5.0809495547044799e+03 4.4085395000000001e-03 0.0000000000000000e+00 0.0000000000000000e+00 0.0000000000000000e+00 5.0746944000000003e+03 7.0997726000000005e-01 5.5451774444795623e+00
1.8475948673984446e+05 1.5866812999999999e-04 0.0000000000000000e+00 0.0000000000000000e+00 0.0000000000000000e+00 1.8475057999999999e+05 3.3615624000000000e+00 5.5451774444795623e+00
5.4689946449154675e+04 0.0000000000000000e+00 0.0000000000000000e+00 0.0000000000000000e+00 0.0000000000000000e+00 5.4685552000000003e+04 0.0000000000000000e+00 4.3944491546724391e+00
2.1602932517744447e+05 0.0000000000000000e+00 0.0000000000000000e+00 0.0000000000000000e+00 0.0000000000000000e+00 2.1602378000000000e+05 0.0000000000000000e+00 5.5451774444795623e+00
5.4474651449154670e+04 0.0000000000000000e+00 0.0000000000000000e+00 0.0000000000000000e+00 0.0000000000000000e+00 5.4470256999999998e+04 0.0000000000000000e+00 4.3944491546724391e+00
