2.9222729e+06 0.0000000e+00 0.0000000e+00 0.0000000e+00 0.0000000e+00
5.0429875e+05 1.3148282e+00 1.4593809e+00 0.0000000e+00 0.0000000e+00
5.0764379e+03 -5.8349924e-09 0.0000000e+00 0.0000000e+00 0.0000000e+00
1.0952664e+06 2.1915988e+00 0.0000000e+00 0.0000000e+00 0.0000000e+00
8.4315065e+09 0.0000000e+00 0.0000000e+00 0.0000000e+00 0.0000000e+00
1.3779208e+06 0.0000000e+00 0.0000000e+00 0.0000000e+00 0.0000000e+00
1.0989418e+06 0.0000000e+00 0.0000000e+00 0.0000000e+00 0.0000000e+00
4.8338820e+06 0.0000000e+00 0.0000000e+00 0.0000000e+00 0.0000000e+00
7.5043070e+05 -1.5843858e-04 0.0000000e+00 0.0000000e+00 0.0000000e+00
9.6337179e+06 0.0000000e+00 0.0000000e+00 0.0000000e+00 0.0000000e+00
1.0423533e+06 1.5707963e+00 0.0000000e+00 0.0000000e+00 0.0000000e+00
1.6812462e+06 1.5707963e+00 0.0000000e+00 0.0000000e+00 0.0000000e+00
1.1052485e+06 0.0000000e+00 0.0000000e+00 0.0000000e+00 0.0000000e+00
5.9042881e+04 7.2854758e-01 7.5638498e-01 0.0000000e+00 0.0000000e+00
1.6802839e+06 2.6135909e+00 0.0000000e+00 0.0000000e+00 0.0000000e+00
1.0952664e+06 3.8645951e+00 0.0000000e+00 0.0000000e+00 0.0000000e+00
3.8691329e+06 1.6660004e+00 0.0000000e+00 0.0000000e+00 0.0000000e+00
1.5440930e+06 1.5707963e+00 0.0000000e+00 0.0000000e+00 0.0000000e+00
7.5043070e+05 1.5707963e+00 0.0000000e+00 0.0000000e+00 0.0000000e+00
7.1461410e+05 3.0275796e+00 0.0000000e+00 0.0000000e+00 0.0000000e+00
5.0753125e+03 1.5391236e+00 0.0000000e+00 0.0000000e+00 0.0000000e+00
3.4902782e+07 0.0000000e+00 0.0000000e+00 0.0000000e+00 0.0000000e+00
2.2733111e+07 0.0000000e+00 0.0000000e+00 0.0000000e+00 0.0000000e+00
9.7549426e+05 0.0000000e+00 0.0000000e+00 0.0000000e+00 0.0000000e+00
9.0585880e+06 0.0000000e+00 0.0000000e+00 0.0000000e+00 0.0000000e+00
2.7883962e+06 0.0000000e+00 0.0000000e+00 0.0000000e+00 0.0000000e+00
7.5043070e+05 1.5707963e+00 0.0000000e+00 0.0000000e+00 0.0000000e+00
9.8028035e+05 1.5707963e+00 0.0000000e+00 0.0000000e+00 0.0000000e+00
8.8862236e+05 -5.5239568e-09 0.0000000e+00 0.0000000e+00 0.0000000e+00
5.0762508e+03 2.5010070e-01 0.0000000e+00 0.0000000e+00 0.0000000e+00
5.0429875e+05 2.0630990e+00 -6.3270259e-01 0.0000000e+00 0.0000000e+00
1.0272804e+08 0.0000000e+00 0.0000000e+00 0.0000000e+00 0.0000000e+00
1.3140015e+06 0.0000000e+00 0.0000000e+00 0.0000000e+00 0.0000000e+00
9.6185981e+04 6.8075765e-01 0.0000000e+00 0.0000000e+00 0.0000000e+00
1.7754934e+06 0.0000000e+00 0.0000000e+00 0.0000000e+00 0.0000000e+00
1.0952664e+06 3.9497311e+00 0.0000000e+00 0.0000000e+00 0.0000000e+00
5.0764379e+03 0.0000000e+00 0.0000000e+00 0.0000000e+00 0.0000000e+00
1.1789027e+06 0.0000000e+00 0.0000000e+00 0.0000000e+00 0.0000000e+00
5.0764379e+03 1.5707963e+00 0.0000000e+00 0.0000000e+00 0.0000000e+00
1.8278817e+06 0.0000000e+00 0.0000000e+00 0.0000000e+00 0.0000000e+00
2.2353988e+06 0.0000000e+00 0.0000000e+00 0.0000000e+00 0.0000000e+00
5.0762508e+03 -2.5288832e-01 0.0000000e+00 0.0000000e+00 0.0000000e+00
8.1390716e+04 -5.9067938e-01 0.0000000e+00 0.0000000e+00 0.0000000e+00
2.0772814e+06 -7.4505806e-09 0.0000000e+00 0.0000000e+00 0.0000000e+00
1.3847919e+06 0.0000000e+00 0.0000000e+00 0.0000000e+00 0.0000000e+00
2.6881897e+06 0.0000000e+00 0.0000000e+00 0.0000000e+00 0.0000000e+00
2.1423650e+06 1.8527336e+00 0.0000000e+00 0.0000000e+00 0.0000000e+00
9.8113776e+05 1.4876374e+00 0.0000000e+00 0.0000000e+00 0.0000000e+00
1.8169502e+06 1.2940827e-02 0.0000000e+00 0.0000000e+00 0.0000000e+00
6.9652612e+05 0.0000000e+00 0.0000000e+00 0.0000000e+00 0.0000000e+00
1.8094049e+06 0.0000000e+00 0.0000000e+00 0.0000000e+00 0.0000000e+00
5.0751105e+03 8.8473118e-04 5.0011965e-01 0.0000000e+00 0.0000000e+00
1.4228402e+06 0.0000000e+00 0.0000000e+00 0.0000000e+00 0.0000000e+00
4.3351482e+06 1.5707963e+00 0.0000000e+00 0.0000000e+00 0.0000000e+00
1.4784930e+07 0.0000000e+00 0.0000000e+00 0.0000000e+00 0.0000000e+00
1.4856916e+07 0.0000000e+00 0.0000000e+00 0.0000000e+00 0.0000000e+00
3.9552374e+04 8.3825004e-01 0.0000000e+00 0.0000000e+00 0.0000000e+00
7.5043070e+05 1.5310595e+00 1.7962054e+00 0.0000000e+00 0.0000000e+00
4.2846785e+06 4.4376481e-01 0.0000000e+00 0.0000000e+00 0.0000000e+00
5.0527695e+05 1.4164900e+00 0.0000000e+00 0.0000000e+00 0.0000000e+00
5.0429875e+05 1.2632918e+00 1.7987609e+00 0.0000000e+00 0.0000000e+00
2.0770252e+06 1.5707963e+00 0.0000000e+00 0.0000000e+00 0.0000000e+00
8.2258058e+05 -1.7961416e-01 0.0000000e+00 0.0000000e+00 0.0000000e+00
1.1738618e+06 -3.2576415e+00 0.0000000e+00 0.0000000e+00 0.0000000e+00
1.2688739e+06 0.0000000e+00 0.0000000e+00 0.0000000e+00 0.0000000e+00
5.2044923e+05 3.1501616e-01 0.0000000e+00 0.0000000e+00 0.0000000e+00
1.4070101e+06 9.6487015e-01 0.0000000e+00 0.0000000e+00 0.0000000e+00
1.1493992e+06 2.9492270e+00 0.0000000e+00 0.0000000e+00 0.0000000e+00
1.8610528e+06 1.5707963e+00 0.0000000e+00 0.0000000e+00 0.0000000e+00
8.7259376e+05 1.5707963e+00 0.0000000e+00 0.0000000e+00 0.0000000e+00
1.0076011e+06 -1.2899613e-09 0.0000000e+00 0.0000000e+00 0.0000000e+00
2.3007602e+05 9.9589282e-03 0.0000000e+00 0.0000000e+00 0.0000000e+00
5.1608513e+06 0.0000000e+00 0.0000000e+00 0.0000000e+00 0.0000000e+00
4.0604427e+06 0.0000000e+00 0.0000000e+00 0.0000000e+00 0.0000000e+00
7.5043070e+05 3.7064575e+01 0.0000000e+00 0.0000000e+00 0.0000000e+00
5.0751746e+03 3.1406681e+00 0.0000000e+00 0.0000000e+00 0.0000000e+00
1.3006271e+06 1.5707963e+00 0.0000000e+00 0.0000000e+00 0.0000000e+00
3.9552374e+04 1.1929615e+00 0.0000000e+00 0.0000000e+00 0.0000000e+00
2.2705221e+08 0.0000000e+00 0.0000000e+00 0.0000000e+00 0.0000000e+00
1.8770148e+06 0.0000000e+00 0.0000000e+00 0.0000000e+00 0.0000000e+00
7.5043070e+05 3.1415927e+00 0.0000000e+00 0.0000000e+00 0.0000000e+00
2.2726203e+06 0.0000000e+00 0.0000000e+00 0.0000000e+00 0.0000000e+00
5.0762508e+03 7.8559956e-01 0.0000000e+00 0.0000000e+00 0.0000000e+00
1.2735285e+06 -6.5908839e-09 0.0000000e+00 0.0000000e+00 0.0000000e+00
5.7916903e+05 0.0000000e+00 0.0000000e+00 0.0000000e+00 0.0000000e+00
3.7640266e+08 0.0000000e+00 0.0000000e+00 0.0000000e+00 0.0000000e+00
3.4662896e+06 0.0000000e+00 0.0000000e+00 0.0000000e+00 0.0000000e+00
7.5043070e+05 -1.0320356e-08 1.2220306e+00 0.0000000e+00 0.0000000e+00
1.7320693e+06 0.0000000e+00 0.0000000e+00 0.0000000e+00 0.0000000e+00
7.7102806e+07 1.5707963e+00 0.0000000e+00 0.0000000e+00 0.0000000e+00
1.6646040e+06 0.0000000e+00 0.0000000e+00 0.0000000e+00 0.0000000e+00
5.0429875e+05 1.7176111e+00 2.4235009e+00 0.0000000e+00 0.0000000e+00
1.3035479e+06 0.0000000e+00 0.0000000e+00 0.0000000e+00 0.0000000e+00
1.4206862e+06 0.0000000e+00 0.0000000e+00 0.0000000e+00 0.0000000e+00
5.0429875e+05 5.3751428e-01 2.7173319e+00 0.0000000e+00 0.0000000e+00
9.6565541e+04 1.5597920e+00 0.0000000e+00 0.0000000e+00 0.0000000e+00
8.1402269e+06 0.0000000e+00 0.0000000e+00 0.0000000e+00 0.0000000e+00
2.6580940e+06 0.0000000e+00 0.0000000e+00 0.0000000e+00 0.0000000e+00
8.9386216e+05 0.0000000e+00 0.0000000e+00 0.0000000e+00 0.0000000e+00
1.2735285e+06 1.5707963e+00 0.0000000e+00 0.0000000e+00 0.0000000e+00
3.6971556e+06 0.0000000e+00 0.0000000e+00 0.0000000e+00 0.0000000e+00
inf 0.0000000e+00 0.0000000e+00 0.0000000e+00 0.0000000e+00
2.7845917e+07 0.0000000e+00 0.0000000e+00 0.0000000e+00 0.0000000e+00
8.2313289e+05 3.2981262e-02 0.0000000e+00 0.0000000e+00 0.0000000e+00
5.0429875e+05 1.4424053e+00 1.1134956e-01 0.0000000e+00 0.0000000e+00
2.5943940e+06 2.8799966e+00 0.0000000e+00 0.0000000e+00 0.0000000e+00
7.5689604e+05 0.0000000e+00 0.0000000e+00 0.0000000e+00 0.0000000e+00
7.5043070e+05 3.1419063e+00 0.0000000e+00 0.0000000e+00 0.0000000e+00
2.6466391e+06 0.0000000e+00 0.0000000e+00 0.0000000e+00 0.0000000e+00
2.8994959e+06 0.0000000e+00 0.0000000e+00 0.0000000e+00 0.0000000e+00
1.3343093e+06 0.0000000e+00 0.0000000e+00 0.0000000e+00 0.0000000e+00
9.4648525e+05 5.6415921e-01 0.0000000e+00 0.0000000e+00 0.0000000e+00
5.8545514e+05 5.9764432e-01 0.0000000e+00 0.0000000e+00 0.0000000e+00
1.2735285e+06 0.0000000e+00 0.0000000e+00 0.0000000e+00 0.0000000e+00
7.5043070e+05 3.1415927e+00 0.0000000e+00 0.0000000e+00 0.0000000e+00
6.5016004e+05 2.1363851e+00 0.0000000e+00 0.0000000e+00 0.0000000e+00
5.2402776e+06 0.0000000e+00 0.0000000e+00 0.0000000e+00 0.0000000e+00
4.4793966e+06 -3.6645035e+04 0.0000000e+00 0.0000000e+00 0.0000000e+00
6.3219106e+05 9.0014253e-01 0.0000000e+00 0.0000000e+00 0.0000000e+00
3.0656959e+07 5.4299247e-04 0.0000000e+00 0.0000000e+00 0.0000000e+00
2.1763378e+06 1.1694558e+00 0.0000000e+00 0.0000000e+00 0.0000000e+00
2.4029632e+06 0.0000000e+00 0.0000000e+00 0.0000000e+00 0.0000000e+00
5.3793231e+06 0.0000000e+00 0.0000000e+00 0.0000000e+00 0.0000000e+00
3.1502012e+06 4.7123890e+00 0.0000000e+00 0.0000000e+00 0.0000000e+00
1.0745223e+07 0.0000000e+00 0.0000000e+00 0.0000000e+00 0.0000000e+00
7.5038087e+05 1.9574335e+06 0.0000000e+00 0.0000000e+00 0.0000000e+00
7.3530916e+05 0.0000000e+00 0.0000000e+00 0.0000000e+00 0.0000000e+00
1.8858777e+07 0.0000000e+00 0.0000000e+00 0.0000000e+00 0.0000000e+00
9.5773836e+05 1.0983871e+00 0.0000000e+00 0.0000000e+00 0.0000000e+00
5.0429875e+05 3.2141989e+01 -7.6171710e+01 0.0000000e+00 0.0000000e+00
5.0429875e+05 2.3899832e+00 7.1661198e-01 0.0000000e+00 0.0000000e+00
6.2254707e+06 0.0000000e+00 0.0000000e+00 0.0000000e+00 0.0000000e+00
1.3300129e+06 0.0000000e+00 0.0000000e+00 0.0000000e+00 0.0000000e+00
4.4812328e+06 1.3689019e+06 0.0000000e+00 0.0000000e+00 0.0000000e+00
1.8430181e+07 0.0000000e+00 0.0000000e+00 0.0000000e+00 0.0000000e+00
2.7896778e+12 0.0000000e+00 0.0000000e+00 0.0000000e+00 0.0000000e+00
7.5350191e+05 3.8921731e-01 0.0000000e+00 0.0000000e+00 0.0000000e+00
6.3135047e+05 1.4215427e+00 0.0000000e+00 0.0000000e+00 0.0000000e+00
1.2382527e+06 0.0000000e+00 0.0000000e+00 0.0000000e+00 0.0000000e+00
3.1828910e+06 0.0000000e+00 0.0000000e+00 0.0000000e+00 0.0000000e+00
4.0628434e+12 0.0000000e+00 0.0000000e+00 0.0000000e+00 0.0000000e+00
2.6213708e+06 -2.1703738e+00 0.0000000e+00 0.0000000e+00 0.0000000e+00
8.8971502e+05 -9.4315025e-01 0.0000000e+00 0.0000000e+00 0.0000000e+00
5.1814254e+06 3.5914086e+00 0.0000000e+00 0.0000000e+00 0.0000000e+00
5.0429875e+05 1.3315856e+00 1.5147049e+00 0.0000000e+00 0.0000000e+00
2.4578309e+06 0.0000000e+00 0.0000000e+00 0.0000000e+00 0.0000000e+00
2.3453502e+07 0.0000000e+00 0.0000000e+00 0.0000000e+00 0.0000000e+00
9.0431398e+05 1.6554980e+00 0.0000000e+00 0.0000000e+00 0.0000000e+00
1.5028332e+06 0.0000000e+00 0.0000000e+00 0.0000000e+00 0.0000000e+00
1.0076011e+06 0.0000000e+00 0.0000000e+00 0.0000000e+00 0.0000000e+00
9.4648525e+05 3.4976043e+00 0.0000000e+00 0.0000000e+00 0.0000000e+00
7.1241963e+05 1.7628888e+00 0.0000000e+00 0.0000000e+00 0.0000000e+00
2.9253556e+06 0.0000000e+00 0.0000000e+00 0.0000000e+00 0.0000000e+00
2.5940829e+06 1.5707963e+00 0.0000000e+00 0.0000000e+00 0.0000000e+00
7.7520952e+07 0.0000000e+00 0.0000000e+00 0.0000000e+00 0.0000000e+00
9.0227003e+05 0.0000000e+00 0.0000000e+00 0.0000000e+00 0.0000000e+00
1.4679065e+06 0.0000000e+00 0.0000000e+00 0.0000000e+00 0.0000000e+00
5.5064891e+06 0.0000000e+00 0.0000000e+00 0.0000000e+00 0.0000000e+00
1.7931559e+06 0.0000000e+00 0.0000000e+00 0.0000000e+00 0.0000000e+00
4.1863198e+06 4.1770955e-03 0.0000000e+00 0.0000000e+00 0.0000000e+00
5.0429875e+05 9.1519324e-01 2.2358588e+00 0.0000000e+00 0.0000000e+00
1.1021781e+07 0.0000000e+00 0.0000000e+00 0.0000000e+00 0.0000000e+00
8.8862236e+05 1.5707963e+00 0.0000000e+00 0.0000000e+00 0.0000000e+00
5.3561239e+05 5.3477506e-01 0.0000000e+00 0.0000000e+00 0.0000000e+00
4.4780737e+06 -1.0785760e-08 0.0000000e+00 0.0000000e+00 0.0000000e+00
1.2975705e+06 0.0000000e+00 0.0000000e+00 0.0000000e+00 0.0000000e+00
1.4520519e+06 0.0000000e+00 0.0000000e+00 0.0000000e+00 0.0000000e+00
1.6811647e+06 0.0000000e+00 0.0000000e+00 0.0000000e+00 0.0000000e+00
7.4353810e+05 1.2035764e+00 0.0000000e+00 0.0000000e+00 0.0000000e+00
5.0114588e+06 0.0000000e+00 0.0000000e+00 0.0000000e+00 0.0000000e+00
3.6510356e+05 1.4790776e+00 0.0000000e+00 0.0000000e+00 0.0000000e+00
5.0753125e+03 9.9949846e-01 0.0000000e+00 0.0000000e+00 0.0000000e+00
1.9764033e+06 0.0000000e+00 0.0000000e+00 0.0000000e+00 0.0000000e+00
1.1362847e+09 -7.4896014e-01 0.0000000e+00 0.0000000e+00 0.0000000e+00
1.1738618e+06 1.4547475e+00 0.0000000e+00 0.0000000e+00 0.0000000e+00
1.2930492e+06 3.1281248e+00 0.0000000e+00 0.0000000e+00 0.0000000e+00
1.0424045e+06 -7.4505806e-09 0.0000000e+00 0.0000000e+00 0.0000000e+00
1.2804417e+06 0.0000000e+00 0.0000000e+00 0.0000000e+00 0.0000000e+00
7.5035214e+05 -2.9534481e-03 0.0000000e+00 0.0000000e+00 0.0000000e+00
1.0423533e+06 -4.8095507e-09 0.0000000e+00 0.0000000e+00 0.0000000e+00
1.9407824e+06 0.0000000e+00 0.0000000e+00 0.0000000e+00 0.0000000e+00
1.7214141e+07 5.3171348e+00 0.0000000e+00 0.0000000e+00 0.0000000e+00
4.2845178e+05 1.0041436e+00 0.0000000e+00 0.0000000e+00 0.0000000e+00
5.0429875e+05 6.8683576e-01 -3.9072237e-01 0.0000000e+00 0.0000000e+00
4.1291089e+05 -3.5472631e-01 0.0000000e+00 0.0000000e+00 0.0000000e+00
1.8439051e+05 6.0101502e-01 0.0000000e+00 0.0000000e+00 0.0000000e+00
1.5911581e+06 0.0000000e+00 0.0000000e+00 0.0000000e+00 0.0000000e+00
1.3145965e+06 0.0000000e+00 0.0000000e+00 0.0000000e+00 0.0000000e+00
3.7092863e+06 0.0000000e+00 0.0000000e+00 0.0000000e+00 0.0000000e+00
2.6676574e+06 7.0630208e+00 0.0000000e+00 0.0000000e+00 0.0000000e+00
4.0853648e+06 0.0000000e+00 0.0000000e+00 0.0000000e+00 0.0000000e+00
1.5050286e+06 0.0000000e+00 0.0000000e+00 0.0000000e+00 0.0000000e+00
4.6168356e+06 0.0000000e+00 0.0000000e+00 0.0000000e+00 0.0000000e+00
7.5043070e+05 1.5707963e+00 0.0000000e+00 0.0000000e+00 0.0000000e+00
1.3529683e+06 4.0524577e+00 0.0000000e+00 0.0000000e+00 0.0000000e+00
2.3242748e+06 0.0000000e+00 0.0000000e+00 0.0000000e+00 0.0000000e+00
8.4364482e+09 0.0000000e+00 0.0000000e+00 0.0000000e+00 0.0000000e+00
1.0076011e+06 1.5707963e+00 0.0000000e+00 0.0000000e+00 0.0000000e+00
5.8468406e+05 2.1277963e+00 0.0000000e+00 0.0000000e+00 0.0000000e+00
3.5773409e+06 0.0000000e+00 0.0000000e+00 0.0000000e+00 0.0000000e+00
4.4786703e+06 4.4839354e-06 0.0000000e+00 0.0000000e+00 0.0000000e+00
4.1291089e+05 3.5472631e-01 0.0000000e+00 0.0000000e+00 0.0000000e+00
7.5043070e+05 1.5707963e+00 0.0000000e+00 0.0000000e+00 0.0000000e+00
7.5043070e+05 3.1415926e+00 0.0000000e+00 0.0000000e+00 0.0000000e+00
8.7009558e+05 0.0000000e+00 0.0000000e+00 0.0000000e+00 0.0000000e+00
7.1554244e+16 0.0000000e+00 0.0000000e+00 0.0000000e+00 0.0000000e+00
4.1754399e+07 3.9701194e+00 0.0000000e+00 0.0000000e+00 0.0000000e+00
2.4374240e+07 0.0000000e+00 0.0000000e+00 0.0000000e+00 0.0000000e+00
4.4700357e+06 0.0000000e+00 0.0000000e+00 0.0000000e+00 0.0000000e+00
1.6990462e+06 0.0000000e+00 0.0000000e+00 0.0000000e+00 0.0000000e+00
5.9764892e+09 0.0000000e+00 0.0000000e+00 0.0000000e+00 0.0000000e+00
8.8651885e+10 -9.6655861e-11 0.0000000e+00 0.0000000e+00 0.0000000e+00
5.7023874e+05 5.2618623e-01 0.0000000e+00 0.0000000e+00 0.0000000e+00
1.2995444e+06 0.0000000e+00 0.0000000e+00 0.0000000e+00 0.0000000e+00
1.3295317e+05 1.0908942e+00 0.0000000e+00 0.0000000e+00 0.0000000e+00
1.5934499e+06 0.0000000e+00 0.0000000e+00 0.0000000e+00 0.0000000e+00
1.0627397e+06 0.0000000e+00 0.0000000e+00 0.0000000e+00 0.0000000e+00
3.2283576e+06 3.7541407e-01 0.0000000e+00 0.0000000e+00 0.0000000e+00
7.5055897e+05 -7.4505806e-09 0.0000000e+00 0.0000000e+00 0.0000000e+00
2.4756151e+05 4.6141873e-01 0.0000000e+00 0.0000000e+00 0.0000000e+00
8.2208080e+05 1.8996825e+00 0.0000000e+00 0.0000000e+00 0.0000000e+00
2.7389269e+05 0.0000000e+00 0.0000000e+00 0.0000000e+00 0.0000000e+00
1.3855687e+05 1.0265350e+00 0.0000000e+00 0.0000000e+00 0.0000000e+00
5.0429875e+05 3.1411235e+00 0.0000000e+00 0.0000000e+00 0.0000000e+00
2.4545532e+05 0.0000000e+00 0.0000000e+00 0.0000000e+00 0.0000000e+00
1.8439051e+05 1.6638519e+00 0.0000000e+00 0.0000000e+00 0.0000000e+00
2.0770252e+06 -1.1401692e-09 0.0000000e+00 0.0000000e+00 0.0000000e+00
1.3515998e+06 0.0000000e+00 0.0000000e+00 0.0000000e+00 0.0000000e+00
6.8808028e+05 -1.2132505e-01 0.0000000e+00 0.0000000e+00 0.0000000e+00
4.4368651e+06 0.0000000e+00 0.0000000e+00 0.0000000e+00 0.0000000e+00
9.4233665e+04 2.8962978e-01 0.0000000e+00 0.0000000e+00 0.0000000e+00
1.6146830e+06 0.0000000e+00 0.0000000e+00 0.0000000e+00 0.0000000e+00
2.6764499e+11 0.0000000e+00 0.0000000e+00 0.0000000e+00 0.0000000e+00
3.9414367e+05 0.0000000e+00 0.0000000e+00 0.0000000e+00 0.0000000e+00
1.0123098e+06 2.3683308e-01 0.0000000e+00 0.0000000e+00 0.0000000e+00
2.4644754e+09 0.0000000e+00 0.0000000e+00 0.0000000e+00 0.0000000e+00
1.4197451e+06 0.0000000e+00 0.0000000e+00 0.0000000e+00 0.0000000e+00
2.2712669e+06 0.0000000e+00 0.0000000e+00 0.0000000e+00 0.0000000e+00
8.3241653e+06 0.0000000e+00 0.0000000e+00 0.0000000e+00 0.0000000e+00
3.4442803e+06 -5.7540910e-09 0.0000000e+00 0.0000000e+00 0.0000000e+00
7.5043070e+05 -3.1419694e+00 0.0000000e+00 0.0000000e+00 0.0000000e+00
5.0429875e+05 8.6002149e-01 -7.6328162e-01 0.0000000e+00 0.0000000e+00
5.0429875e+05 1.2281565e+00 1.9669963e+00 0.0000000e+00 0.0000000e+00
5.0429875e+05 1.3312857e+00 0.0000000e+00 0.0000000e+00 0.0000000e+00
2.4647300e+09 1.5707963e+00 0.0000000e+00 0.0000000e+00 0.0000000e+00
1.1412213e+06 0.0000000e+00 0.0000000e+00 0.0000000e+00 0.0000000e+00
1.0952664e+06 -6.6163892e-01 0.0000000e+00 0.0000000e+00 0.0000000e+00
7.5043070e+05 -7.0368355e-09 0.0000000e+00 0.0000000e+00 0.0000000e+00
5.1823668e+06 0.0000000e+00 0.0000000e+00 0.0000000e+00 0.0000000e+00
5.0429875e+05 2.3312857e+00 0.0000000e+00 0.0000000e+00 0.0000000e+00
4.3227445e+06 0.0000000e+00 0.0000000e+00 0.0000000e+00 0.0000000e+00
7.2017967e+05 5.7056795e-02 0.0000000e+00 0.0000000e+00 0.0000000e+00
9.1669375e+05 4.2964575e+00 0.0000000e+00 0.0000000e+00 0.0000000e+00
7.5043070e+05 3.1415926e+00 0.0000000e+00 0.0000000e+00 0.0000000e+00
4.9843839e+06 0.0000000e+00 0.0000000e+00 0.0000000e+00 0.0000000e+00
3.6801028e+06 0.0000000e+00 0.0000000e+00 0.0000000e+00 0.0000000e+00
1.0288070e+06 4.0116023e-01 0.0000000e+00 0.0000000e+00 0.0000000e+00
5.0762508e+03 -4.9979860e-01 0.0000000e+00 0.0000000e+00 0.0000000e+00
5.0762508e+03 5.0020140e-01 0.0000000e+00 0.0000000e+00 0.0000000e+00
2.5343874e+07 0.0000000e+00 0.0000000e+00 0.0000000e+00 0.0000000e+00
8.0404527e+05 0.0000000e+00 0.0000000e+00 0.0000000e+00 0.0000000e+00
7.3836136e+05 1.1512611e+00 0.0000000e+00 0.0000000e+00 0.0000000e+00
5.7816451e+09 -2.6502512e+01 0.0000000e+00 0.0000000e+00 0.0000000e+00
1.5312775e+06 -1.5314563e-01 0.0000000e+00 0.0000000e+00 0.0000000e+00
6.8152784e+05 -9.9755021e-02 0.0000000e+00 0.0000000e+00 0.0000000e+00
6.6652285e+05 2.9371800e-01 0.0000000e+00 0.0000000e+00 0.0000000e+00
4.4991278e+06 0.0000000e+00 0.0000000e+00 0.0000000e+00 0.0000000e+00
5.0429875e+05 1.2016755e+00 -4.4492524e-01 0.0000000e+00 0.0000000e+00
4.1551506e+05 -1.5165696e-01 0.0000000e+00 0.0000000e+00 0.0000000e+00
1.5745907e+06 0.0000000e+00 0.0000000e+00 0.0000000e+00 0.0000000e+00
1.4813548e+06 2.3614543e-01 0.0000000e+00 0.0000000e+00 0.0000000e+00
2.1051132e+06 0.0000000e+00 0.0000000e+00 0.0000000e+00 0.0000000e+00
7.5043070e+05 -2.2119837e-09 0.0000000e+00 0.0000000e+00 0.0000000e+00
9.0512638e+05 0.0000000e+00 0.0000000e+00 0.0000000e+00 0.0000000e+00
2.3573694e+06 0.0000000e+00 0.0000000e+00 0.0000000e+00 0.0000000e+00
1.4413256e+06 0.0000000e+00 0.0000000e+00 0.0000000e+00 0.0000000e+00
1.8439051e+05 2.4968222e+00 0.0000000e+00 0.0000000e+00 0.0000000e+00
2.0878481e+06 2.1494089e-03 0.0000000e+00 0.0000000e+00 0.0000000e+00
7.5043070e+05 -1.0344392e-08 0.0000000e+00 0.0000000e+00 0.0000000e+00
6.8331461e+05 7.5835254e-01 0.0000000e+00 0.0000000e+00 0.0000000e+00
7.5043070e+05 1.5707963e+00 0.0000000e+00 0.0000000e+00 0.0000000e+00
5.3214005e+06 0.0000000e+00 0.0000000e+00 0.0000000e+00 0.0000000e+00
5.0762508e+03 5.0020141e-01 0.0000000e+00 0.0000000e+00 0.0000000e+00
6.3606597e+06 0.0000000e+00 0.0000000e+00 0.0000000e+00 0.0000000e+00
3.1237527e+06 0.0000000e+00 0.0000000e+00 0.0000000e+00 0.0000000e+00
1.1341690e+06 0.0000000e+00 0.0000000e+00 0.0000000e+00 0.0000000e+00
1.0149302e+14 0.0000000e+00 0.0000000e+00 0.0000000e+00 0.0000000e+00
1.3753319e+06 3.1415926e+00 0.0000000e+00 0.0000000e+00 0.0000000e+00
7.1241963e+05 7.6288880e-01 0.0000000e+00 0.0000000e+00 0.0000000e+00
5.0429875e+05 5.4567104e-01 -1.5197722e-01 0.0000000e+00 0.0000000e+00
2.4947180e+42 0.0000000e+00 0.0000000e+00 0.0000000e+00 0.0000000e+00
1.5557054e+10 0.0000000e+00 0.0000000e+00 0.0000000e+00 0.0000000e+00
1.9039688e+06 0.0000000e+00 0.0000000e+00 0.0000000e+00 0.0000000e+00
1.3864843e+06 0.0000000e+00 0.0000000e+00 0.0000000e+00 0.0000000e+00
1.0952664e+06 7.2300240e-01 0.0000000e+00 0.0000000e+00 0.0000000e+00
4.7913829e+06 0.0000000e+00 0.0000000e+00 0.0000000e+00 0.0000000e+00
1.3102423e+08 1.5707963e+00 0.0000000e+00 0.0000000e+00 0.0000000e+00
1.1097674e+06 -1.3591171e+00 0.0000000e+00 0.0000000e+00 0.0000000e+00
2.0770252e+06 0.0000000e+00 0.0000000e+00 0.0000000e+00 0.0000000e+00
2.5012248e+04 5.3230303e-01 4.0090962e-01 0.0000000e+00 0.0000000e+00
5.0751105e+03 -8.8474407e-04 5.0011966e-01 0.0000000e+00 0.0000000e+00
3.1296776e+06 2.5810259e-01 0.0000000e+00 0.0000000e+00 0.0000000e+00
1.0175499e+06 0.0000000e+00 0.0000000e+00 0.0000000e+00 0.0000000e+00
1.0765653e+11 0.0000000e+00 0.0000000e+00 0.0000000e+00 0.0000000e+00
2.1884269e+06 3.9576158e+00 0.0000000e+00 0.0000000e+00 0.0000000e+00
2.0540546e+06 0.0000000e+00 0.0000000e+00 0.0000000e+00 0.0000000e+00
7.3378023e+05 9.6313357e-01 0.0000000e+00 0.0000000e+00 0.0000000e+00
1.0076011e+06 1.5707963e+00 0.0000000e+00 0.0000000e+00 0.0000000e+00
3.9059379e+06 0.0000000e+00 0.0000000e+00 0.0000000e+00 0.0000000e+00
1.7009990e+06 0.0000000e+00 0.0000000e+00 0.0000000e+00 0.0000000e+00
7.0973874e+05 9.3082520e-01 0.0000000e+00 0.0000000e+00 0.0000000e+00
1.0423533e+06 -3.1415927e+00 0.0000000e+00 0.0000000e+00 0.0000000e+00
9.5968601e+05 0.0000000e+00 0.0000000e+00 0.0000000e+00 0.0000000e+00
5.0743217e+03 1.0026726e+00 4.9906043e-01 0.0000000e+00 0.0000000e+00
1.3279191e+06 0.0000000e+00 0.0000000e+00 0.0000000e+00 0.0000000e+00
5.0429875e+05 1.6572728e+00 1.5755029e-01 0.0000000e+00 0.0000000e+00
5.0753125e+03 1.5260080e+00 0.0000000e+00 0.0000000e+00 0.0000000e+00
7.0093034e+05 3.1848427e-01 0.0000000e+00 0.0000000e+00 0.0000000e+00
8.8862236e+05 0.0000000e+00 0.0000000e+00 0.0000000e+00 0.0000000e+00
7.5043070e+05 1.5707963e+00 0.0000000e+00 0.0000000e+00 0.0000000e+00
7.3515658e+05 2.5001541e-02 0.0000000e+00 0.0000000e+00 0.0000000e+00
9.3488075e+07 0.0000000e+00 0.0000000e+00 0.0000000e+00 0.0000000e+00
1.2453912e+06 5.4475976e-01 0.0000000e+00 0.0000000e+00 0.0000000e+00
7.5043070e+05 1.5707963e+00 0.0000000e+00 0.0000000e+00 0.0000000e+00
2.1186647e+07 0.0000000e+00 0.0000000e+00 0.0000000e+00 0.0000000e+00
5.3374500e+05 2.0649270e+00 0.0000000e+00 0.0000000e+00 0.0000000e+00
1.0423533e+06 1.5707963e+00 0.0000000e+00 0.0000000e+00 0.0000000e+00
8.3736553e+05 5.1372207e-01 0.0000000e+00 0.0000000e+00 0.0000000e+00
2.3484935e+06 0.0000000e+00 0.0000000e+00 0.0000000e+00 0.0000000e+00
5.9042881e+04 1.3220780e+00 -1.1343011e+00 0.0000000e+00 0.0000000e+00
5.0429875e+05 1.6246612e+00 3.3273601e-01 0.0000000e+00 0.0000000e+00
2.1884269e+06 8.1602318e-01 0.0000000e+00 0.0000000e+00 0.0000000e+00
5.0433987e+05 1.0311428e+05 7.7448740e+04 0.0000000e+00 0.0000000e+00
1.9565207e+06 2.5573712e+00 0.0000000e+00 0.0000000e+00 0.0000000e+00
1.0423533e+06 1.5707963e+00 0.0000000e+00 0.0000000e+00 0.0000000e+00
8.8102009e+05 0.0000000e+00 0.0000000e+00 0.0000000e+00 0.0000000e+00
1.4161028e+06 0.0000000e+00 0.0000000e+00 0.0000000e+00 0.0000000e+00
7.4560890e+05 1.0931181e+00 0.0000000e+00 0.0000000e+00 0.0000000e+00
1.1946179e+06 0.0000000e+00 0.0000000e+00 0.0000000e+00 0.0000000e+00
8.3572496e+06 -2.1118637e-09 0.0000000e+00 0.0000000e+00 0.0000000e+00
1.7320693e+06 0.0000000e+00 0.0000000e+00 0.0000000e+00 0.0000000e+00
1.6250077e+06 0.0000000e+00 0.0000000e+00 0.0000000e+00 0.0000000e+00
2.0770252e+06 -8.4804401e-09 0.0000000e+00 0.0000000e+00 0.0000000e+00
2.5012248e+04 -1.3277381e+00 -4.0090963e-01 0.0000000e+00 0.0000000e+00
1.6793497e+06 0.0000000e+00 0.0000000e+00 0.0000000e+00 0.0000000e+00
3.5922127e+06 0.0000000e+00 0.0000000e+00 0.0000000e+00 0.0000000e+00
7.0807132e+05 0.0000000e+00 0.0000000e+00 0.0000000e+00 0.0000000e+00
1.2968958e+06 0.0000000e+00 0.0000000e+00 0.0000000e+00 0.0000000e+00
1.7991981e+07 1.5707963e+00 0.0000000e+00 0.0000000e+00 0.0000000e+00
9.4473238e+05 0.0000000e+00 0.0000000e+00 0.0000000e+00 0.0000000e+00
1.8169502e+06 1.2940830e-02 0.0000000e+00 0.0000000e+00 0.0000000e+00
2.0035228e+06 2.6616896e+00 0.0000000e+00 0.0000000e+00 0.0000000e+00
1.9250595e+06 0.0000000e+00 0.0000000e+00 0.0000000e+00 0.0000000e+00
7.5043070e+05 -3.4794158e-09 0.0000000e+00 0.0000000e+00 0.0000000e+00
3.2087927e+06 0.0000000e+00 0.0000000e+00 0.0000000e+00 0.0000000e+00
1.0952664e+06 6.6163891e-01 0.0000000e+00 0.0000000e+00 0.0000000e+00
9.3555834e+05 -1.8051333e-01 0.0000000e+00 0.0000000e+00 0.0000000e+00
2.4469418e+06 0.0000000e+00 0.0000000e+00 0.0000000e+00 0.0000000e+00
5.0429875e+05 1.6946929e+00 1.1668056e+00 0.0000000e+00 0.0000000e+00
1.3157805e+06 0.0000000e+00 0.0000000e+00 0.0000000e+00 0.0000000e+00
5.0429875e+05 9.7351019e+01 0.0000000e+00 0.0000000e+00 0.0000000e+00
1.8997576e+06 0.0000000e+00 0.0000000e+00 0.0000000e+00 0.0000000e+00
8.8862236e+05 -8.0001451e-09 0.0000000e+00 0.0000000e+00 0.0000000e+00
7.2503927e+05 0.0000000e+00 0.0000000e+00 0.0000000e+00 0.0000000e+00
1.5223950e+06 1.5421754e+00 0.0000000e+00 0.0000000e+00 0.0000000e+00
1.5260385e+06 0.0000000e+00 0.0000000e+00 0.0000000e+00 0.0000000e+00
2.8249878e+06 0.0000000e+00 0.0000000e+00 0.0000000e+00 0.0000000e+00
2.4714984e+06 0.0000000e+00 0.0000000e+00 0.0000000e+00 0.0000000e+00
5.0429875e+05 1.1178122e+00 1.6528433e+00 0.0000000e+00 0.0000000e+00
1.5600859e+06 1.9820922e+00 0.0000000e+00 0.0000000e+00 0.0000000e+00
2.5940829e+06 0.0000000e+00 0.0000000e+00 0.0000000e+00 0.0000000e+00
7.7102806e+07 0.0000000e+00 0.0000000e+00 0.0000000e+00 0.0000000e+00
1.1394253e+06 0.0000000e+00 0.0000000e+00 0.0000000e+00 0.0000000e+00
1.1069995e+06 0.0000000e+00 0.0000000e+00 0.0000000e+00 0.0000000e+00
7.5043070e+05 6.0880681e+00 0.0000000e+00 0.0000000e+00 0.0000000e+00
5.0429875e+05 1.3237890e+00 -1.0637434e-01 0.0000000e+00 0.0000000e+00
5.0489901e+06 0.0000000e+00 0.0000000e+00 0.0000000e+00 0.0000000e+00
5.0429875e+05 2.6610651e+00 8.8532516e-01 0.0000000e+00 0.0000000e+00
1.4676989e+06 1.7462626e+00 0.0000000e+00 0.0000000e+00 0.0000000e+00
5.0429875e+05 2.3244586e+00 1.1718543e-01 0.0000000e+00 0.0000000e+00
7.5043070e+05 1.5707963e+00 0.0000000e+00 0.0000000e+00 0.0000000e+00
2.9715750e+07 0.0000000e+00 0.0000000e+00 0.0000000e+00 0.0000000e+00
2.0173253e+06 1.5492514e+00 0.0000000e+00 0.0000000e+00 0.0000000e+00
8.2208080e+05 8.9968252e-01 0.0000000e+00 0.0000000e+00 0.0000000e+00
7.5043070e+05 -1.4732898e-08 0.0000000e+00 0.0000000e+00 0.0000000e+00
7.3811270e+05 1.0153389e+00 0.0000000e+00 0.0000000e+00 0.0000000e+00
7.4899806e+05 1.0518686e+00 0.0000000e+00 0.0000000e+00 0.0000000e+00
3.2840324e+06 0.0000000e+00 0.0000000e+00 0.0000000e+00 0.0000000e+00
9.6185981e+04 1.2120031e+00 0.0000000e+00 0.0000000e+00 0.0000000e+00
5.0762508e+03 1.0004028e+00 0.0000000e+00 0.0000000e+00 0.0000000e+00
7.5043070e+05 -1.1043324e-08 0.0000000e+00 0.0000000e+00 0.0000000e+00
2.0050734e+06 0.0000000e+00 0.0000000e+00 0.0000000e+00 0.0000000e+00
7.5043070e+05 6.0880681e+00 0.0000000e+00 0.0000000e+00 0.0000000e+00
5.5996617e+06 0.0000000e+00 0.0000000e+00 0.0000000e+00 0.0000000e+00
1.6797822e+06 0.0000000e+00 0.0000000e+00 0.0000000e+00 0.0000000e+00
1.4974189e+06 0.0000000e+00 0.0000000e+00 0.0000000e+00 0.0000000e+00
2.3844555e+06 0.0000000e+00 0.0000000e+00 0.0000000e+00 0.0000000e+00
1.8132471e+06 2.6878170e+00 0.0000000e+00 0.0000000e+00 0.0000000e+00
5.0429875e+05 3.3561053e-01 1.4099475e+00 0.0000000e+00 0.0000000e+00
9.6895028e+05 0.0000000e+00 0.0000000e+00 0.0000000e+00 0.0000000e+00
7.5043070e+05 3.1415926e+00 0.0000000e+00 0.0000000e+00 0.0000000e+00
4.9717724e+07 -1.9717412e+00 0.0000000e+00 0.0000000e+00 0.0000000e+00
1.8439051e+05 1.6010150e+00 0.0000000e+00 0.0000000e+00 0.0000000e+00
1.8012358e+08 0.0000000e+00 0.0000000e+00 0.0000000e+00 0.0000000e+00
7.0952058e+04 2.9900729e-01 0.0000000e+00 0.0000000e+00 0.0000000e+00
6.1308636e+05 1.7459678e+00 0.0000000e+00 0.0000000e+00 0.0000000e+00
3.0489908e+06 0.0000000e+00 0.0000000e+00 0.0000000e+00 0.0000000e+00
8.4363048e+09 0.0000000e+00 0.0000000e+00 0.0000000e+00 0.0000000e+00
4.6099397e+06 -3.0868732e-10 0.0000000e+00 0.0000000e+00 0.0000000e+00
1.3015493e+06 0.0000000e+00 0.0000000e+00 0.0000000e+00 0.0000000e+00
7.0973874e+05 9.3082519e-01 0.0000000e+00 0.0000000e+00 0.0000000e+00
7.5043070e+05 -5.1113908e-10 0.0000000e+00 0.0000000e+00 0.0000000e+00
1.3711743e+06 0.0000000e+00 0.0000000e+00 0.0000000e+00 0.0000000e+00
2.3231526e+13 0.0000000e+00 0.0000000e+00 0.0000000e+00 0.0000000e+00
2.1423650e+06 1.8527336e+00 0.0000000e+00 0.0000000e+00 0.0000000e+00
1.0952583e+08 0.0000000e+00 0.0000000e+00 0.0000000e+00 0.0000000e+00
3.2426931e+06 0.0000000e+00 0.0000000e+00 0.0000000e+00 0.0000000e+00
1.4194533e+06 0.0000000e+00 0.0000000e+00 0.0000000e+00 0.0000000e+00
1.2735285e+06 1.5707963e+00 0.0000000e+00 0.0000000e+00 0.0000000e+00
7.8620535e+07 0.0000000e+00 0.0000000e+00 0.0000000e+00 0.0000000e+00
5.4687680e+06 0.0000000e+00 0.0000000e+00 0.0000000e+00 0.0000000e+00
1.1754435e+06 -3.3712439e+00 0.0000000e+00 0.0000000e+00 0.0000000e+00
6.9897177e+05 4.8082945e-01 0.0000000e+00 0.0000000e+00 0.0000000e+00
3.6784979e+06 0.0000000e+00 0.0000000e+00 0.0000000e+00 0.0000000e+00
4.4790066e+06 -9.5960838e-10 0.0000000e+00 0.0000000e+00 0.0000000e+00
4.3831577e+06 0.0000000e+00 0.0000000e+00 0.0000000e+00 0.0000000e+00
1.7879363e+06 0.0000000e+00 0.0000000e+00 0.0000000e+00 0.0000000e+00
3.4442803e+06 1.5707963e+00 0.0000000e+00 0.0000000e+00 0.0000000e+00
7.1461410e+05 -1.1376625e-01 0.0000000e+00 0.0000000e+00 0.0000000e+00
1.8524426e+06 1.5707963e+00 0.0000000e+00 0.0000000e+00 0.0000000e+00
1.7925495e+11 0.0000000e+00 0.0000000e+00 0.0000000e+00 0.0000000e+00
5.0764379e+03 1.5707963e+00 0.0000000e+00 0.0000000e+00 0.0000000e+00
8.1731263e+05 1.5707963e+00 0.0000000e+00 0.0000000e+00 0.0000000e+00
1.9991637e+04 1.5349051e+00 0.0000000e+00 0.0000000e+00 0.0000000e+00
1.0423533e+06 -5.1820380e-09 0.0000000e+00 0.0000000e+00 0.0000000e+00
4.5899923e+06 6.6284242e-04 0.0000000e+00 0.0000000e+00 0.0000000e+00
5.0746944e+03 8.8170824e-04 0.0000000e+00 0.0000000e+00 0.0000000e+00
1.0484102e+06 0.0000000e+00 0.0000000e+00 0.0000000e+00 0.0000000e+00
1.0271407e+06 0.0000000e+00 0.0000000e+00 0.0000000e+00 0.0000000e+00
5.1902351e+06 0.0000000e+00 0.0000000e+00 0.0000000e+00 0.0000000e+00
1.5604367e+08 0.0000000e+00 0.0000000e+00 0.0000000e+00 0.0000000e+00
8.3572496e+06 0.0000000e+00 0.0000000e+00 0.0000000e+00 0.0000000e+00
1.0423533e+06 1.5707963e+00 0.0000000e+00 0.0000000e+00 0.0000000e+00
2.9269669e+06 0.0000000e+00 0.0000000e+00 0.0000000e+00 0.0000000e+00
1.1769770e+06 0.0000000e+00 0.0000000e+00 0.0000000e+00 0.0000000e+00
3.2652837e+06 0.0000000e+00 0.0000000e+00 0.0000000e+00 0.0000000e+00
1.3295317e+05 1.0444588e+00 0.0000000e+00 0.0000000e+00 0.0000000e+00
4.4785346e+06 -8.4909349e-05 0.0000000e+00 0.0000000e+00 0.0000000e+00
1.0434071e+06 1.0701644e-01 0.0000000e+00 0.0000000e+00 0.0000000e+00
5.5904397e+05 -6.1968390e-01 0.0000000e+00 0.0000000e+00 0.0000000e+00
8.4908761e+05 0.0000000e+00 0.0000000e+00 0.0000000e+00 0.0000000e+00
4.0686682e+06 0.0000000e+00 0.0000000e+00 0.0000000e+00 0.0000000e+00
7.3557903e+05 1.1518654e+00 0.0000000e+00 0.0000000e+00 0.0000000e+00
1.1225936e+06 0.0000000e+00 0.0000000e+00 0.0000000e+00 0.0000000e+00
2.8547346e+06 0.0000000e+00 0.0000000e+00 0.0000000e+00 0.0000000e+00
2.6496194e+06 -2.6006653e+00 0.0000000e+00 0.0000000e+00 0.0000000e+00
1.0423533e+06 -8.4608486e-09 0.0000000e+00 0.0000000e+00 0.0000000e+00
7.2619250e+05 1.2903482e+00 0.0000000e+00 0.0000000e+00 0.0000000e+00
2.3506589e+06 3.1639622e-01 0.0000000e+00 0.0000000e+00 0.0000000e+00
5.3465709e+06 0.0000000e+00 0.0000000e+00 0.0000000e+00 0.0000000e+00
6.6235556e+05 1.6363657e+00 0.0000000e+00 0.0000000e+00 0.0000000e+00
9.5773836e+05 -2.0432055e+00 0.0000000e+00 0.0000000e+00 0.0000000e+00
2.0042255e+09 6.2784087e+00 0.0000000e+00 0.0000000e+00 0.0000000e+00
7.0973874e+05 1.1541539e+00 0.0000000e+00 0.0000000e+00 0.0000000e+00
7.5043070e+05 3.1415926e+00 0.0000000e+00 0.0000000e+00 0.0000000e+00
1.0674636e+06 0.0000000e+00 0.0000000e+00 0.0000000e+00 0.0000000e+00
7.5043070e+05 0.0000000e+00 0.0000000e+00 0.0000000e+00 0.0000000e+00
7.4549837e+05 6.0691469e-01 0.0000000e+00 0.0000000e+00 0.0000000e+00
4.8305953e+06 0.0000000e+00 0.0000000e+00 0.0000000e+00 0.0000000e+00
8.9755549e+05 0.0000000e+00 0.0000000e+00 0.0000000e+00 0.0000000e+00
1.7142525e+05 1.0748918e+00 1.8434027e+00 0.0000000e+00 0.0000000e+00
1.1915121e+06 0.0000000e+00 0.0000000e+00 0.0000000e+00 0.0000000e+00
4.0551231e+05 0.0000000e+00 0.0000000e+00 0.0000000e+00 0.0000000e+00
7.3826829e+09 0.0000000e+00 0.0000000e+00 0.0000000e+00 0.0000000e+00
6.3983281e+05 -5.7450216e-01 0.0000000e+00 0.0000000e+00 0.0000000e+00
7.1235191e+05 2.4152082e+00 0.0000000e+00 0.0000000e+00 0.0000000e+00
6.8152784e+05 5.6199659e-01 0.0000000e+00 0.0000000e+00 0.0000000e+00
1.2885177e+06 0.0000000e+00 0.0000000e+00 0.0000000e+00 0.0000000e+00
1.7759864e+06 0.0000000e+00 0.0000000e+00 0.0000000e+00 0.0000000e+00
5.0762508e+03 1.0469650e+00 0.0000000e+00 0.0000000e+00 0.0000000e+00
3.2004018e+06 0.0000000e+00 0.0000000e+00 0.0000000e+00 0.0000000e+00
5.0429875e+05 1.2353508e+00 1.4930854e+00 0.0000000e+00 0.0000000e+00
9.1560041e+06 0.0000000e+00 0.0000000e+00 0.0000000e+00 0.0000000e+00
5.1062992e+06 0.0000000e+00 0.0000000e+00 0.0000000e+00 0.0000000e+00
1.0332548e+21 0.0000000e+00 0.0000000e+00 0.0000000e+00 0.0000000e+00
6.4022475e+05 6.0634525e-01 0.0000000e+00 0.0000000e+00 0.0000000e+00
2.1361383e+07 0.0000000e+00 0.0000000e+00 0.0000000e+00 0.0000000e+00
3.8502051e+07 0.0000000e+00 0.0000000e+00 0.0000000e+00 0.0000000e+00
1.0059223e+10 -4.9206120e+01 0.0000000e+00 0.0000000e+00 0.0000000e+00
6.8194429e+05 0.0000000e+00 0.0000000e+00 0.0000000e+00 0.0000000e+00
7.6494634e+05 0.0000000e+00 0.0000000e+00 0.0000000e+00 0.0000000e+00
5.1428997e+06 0.0000000e+00 0.0000000e+00 0.0000000e+00 0.0000000e+00
5.9144513e+09 2.9165083e+01 0.0000000e+00 0.0000000e+00 0.0000000e+00
1.0076011e+06 3.1415926e+00 0.0000000e+00 0.0000000e+00 0.0000000e+00
5.0548327e+06 0.0000000e+00 0.0000000e+00 0.0000000e+00 0.0000000e+00
3.3674559e+06 0.0000000e+00 0.0000000e+00 0.0000000e+00 0.0000000e+00
2.4295211e+06 1.1749339e+00 0.0000000e+00 0.0000000e+00 0.0000000e+00
8.8862236e+05 1.5707963e+00 0.0000000e+00 0.0000000e+00 0.0000000e+00
6.4250367e+05 0.0000000e+00 0.0000000e+00 0.0000000e+00 0.0000000e+00
3.1859617e+06 0.0000000e+00 0.0000000e+00 0.0000000e+00 0.0000000e+00
1.1769770e+06 0.0000000e+00 0.0000000e+00 0.0000000e+00 0.0000000e+00
3.1860735e+07 0.0000000e+00 0.0000000e+00 0.0000000e+00 0.0000000e+00
1.3753319e+06 0.0000000e+00 0.0000000e+00 0.0000000e+00 0.0000000e+00
2.0176440e+06 0.0000000e+00 0.0000000e+00 0.0000000e+00 0.0000000e+00
7.5043070e+05 3.1415926e+00 0.0000000e+00 0.0000000e+00 0.0000000e+00
5.0746944e+03 -3.1424744e+00 0.0000000e+00 0.0000000e+00 0.0000000e+00
5.0743394e+03 4.9962859e-01 1.2356511e-03 0.0000000e+00 0.0000000e+00
1.0423533e+06 1.5707963e+00 0.0000000e+00 0.0000000e+00 0.0000000e+00
1.8439051e+05 1.1837443e+00 0.0000000e+00 0.0000000e+00 0.0000000e+00
1.2822900e+04 1.5707963e+00 0.0000000e+00 0.0000000e+00 0.0000000e+00
1.1769770e+06 0.0000000e+00 0.0000000e+00 0.0000000e+00 0.0000000e+00
4.4783586e+06 2.7715125e-04 0.0000000e+00 0.0000000e+00 0.0000000e+00
1.2929057e+06 0.0000000e+00 0.0000000e+00 0.0000000e+00 0.0000000e+00
7.6285932e+06 0.0000000e+00 0.0000000e+00 0.0000000e+00 0.0000000e+00
1.6487706e+06 1.1160020e+00 0.0000000e+00 0.0000000e+00 0.0000000e+00
3.0966344e+08 0.0000000e+00 0.0000000e+00 0.0000000e+00 0.0000000e+00
8.9614622e+05 3.8351937e+00 0.0000000e+00 0.0000000e+00 0.0000000e+00
1.5263711e+06 0.0000000e+00 0.0000000e+00 0.0000000e+00 0.0000000e+00
4.9788995e+06 0.0000000e+00 0.0000000e+00 0.0000000e+00 0.0000000e+00
5.9065979e+06 0.0000000e+00 0.0000000e+00 0.0000000e+00 0.0000000e+00
7.5043070e+05 1.5707963e+00 0.0000000e+00 0.0000000e+00 0.0000000e+00
1.3322661e+06 -1.0617327e+00 0.0000000e+00 0.0000000e+00 0.0000000e+00
8.2258058e+05 5.5674898e+00 0.0000000e+00 0.0000000e+00 0.0000000e+00
1.1004294e+06 0.0000000e+00 0.0000000e+00 0.0000000e+00 0.0000000e+00
7.5911745e+05 -3.8023479e-03 0.0000000e+00 0.0000000e+00 0.0000000e+00
5.0296836e+06 0.0000000e+00 0.0000000e+00 0.0000000e+00 0.0000000e+00
4.4785653e+06 -8.2093527e-05 0.0000000e+00 0.0000000e+00 0.0000000e+00
5.0429875e+05 3.5077681e+00 -4.1714373e+00 0.0000000e+00 0.0000000e+00
2.2793346e+05 1.7395614e+00 0.0000000e+00 0.0000000e+00 0.0000000e+00
3.8165167e+06 2.9944923e-01 0.0000000e+00 0.0000000e+00 0.0000000e+00
7.5043070e+05 1.5707963e+00 0.0000000e+00 0.0000000e+00 0.0000000e+00
1.0368966e+06 0.0000000e+00 0.0000000e+00 0.0000000e+00 0.0000000e+00
1.5225520e+06 0.0000000e+00 0.0000000e+00 0.0000000e+00 0.0000000e+00
9.9258423e+05 0.0000000e+00 0.0000000e+00 0.0000000e+00 0.0000000e+00
1.1748320e+06 0.0000000e+00 0.0000000e+00 0.0000000e+00 0.0000000e+00
2.6466181e+05 1.0037136e+00 0.0000000e+00 0.0000000e+00 0.0000000e+00
1.2735285e+06 3.1415926e+00 0.0000000e+00 0.0000000e+00 0.0000000e+00
1.1547477e+06 0.0000000e+00 0.0000000e+00 0.0000000e+00 0.0000000e+00
1.4025631e+06 0.0000000e+00 0.0000000e+00 0.0000000e+00 0.0000000e+00
5.0753125e+03 -1.0020087e+00 0.0000000e+00 0.0000000e+00 0.0000000e+00
6.5053295e+06 -2.4637391e-01 0.0000000e+00 0.0000000e+00 0.0000000e+00
1.2756511e+06 0.0000000e+00 0.0000000e+00 0.0000000e+00 0.0000000e+00
3.2176298e+07 0.0000000e+00 0.0000000e+00 0.0000000e+00 0.0000000e+00
5.3647794e+06 0.0000000e+00 0.0000000e+00 0.0000000e+00 0.0000000e+00
1.0952664e+06 2.2937987e+00 0.0000000e+00 0.0000000e+00 0.0000000e+00
1.0423533e+06 -5.1530923e-09 0.0000000e+00 0.0000000e+00 0.0000000e+00
1.2518279e+06 0.0000000e+00 0.0000000e+00 0.0000000e+00 0.0000000e+00
6.5466810e+10 0.0000000e+00 0.0000000e+00 0.0000000e+00 0.0000000e+00
7.5433809e+24 0.0000000e+00 0.0000000e+00 0.0000000e+00 0.0000000e+00
4.9386498e+06 0.0000000e+00 0.0000000e+00 0.0000000e+00 0.0000000e+00
1.8367810e+06 0.0000000e+00 0.0000000e+00 0.0000000e+00 0.0000000e+00
2.4144564e+14 0.0000000e+00 0.0000000e+00 0.0000000e+00 0.0000000e+00
1.0423533e+06 1.5707963e+00 0.0000000e+00 0.0000000e+00 0.0000000e+00
5.0429875e+05 1.6875239e+00 2.7687772e+00 0.0000000e+00 0.0000000e+00
7.4984519e+06 0.0000000e+00 0.0000000e+00 0.0000000e+00 0.0000000e+00
1.2233596e+06 0.0000000e+00 0.0000000e+00 0.0000000e+00 0.0000000e+00
7.5043070e+05 -2.8725013e-09 0.0000000e+00 0.0000000e+00 0.0000000e+00
1.0952664e+06 -4.5311251e-01 0.0000000e+00 0.0000000e+00 0.0000000e+00
9.9181212e+05 0.0000000e+00 0.0000000e+00 0.0000000e+00 0.0000000e+00
nan 0.0000000e+00 0.0000000e+00 0.0000000e+00 0.0000000e+00
1.0791424e+06 1.7226095e-01 0.0000000e+00 0.0000000e+00 0.0000000e+00
3.2638841e+06 0.0000000e+00 0.0000000e+00 0.0000000e+00 0.0000000e+00
1.0423533e+06 -6.3564327e-09 0.0000000e+00 0.0000000e+00 0.0000000e+00
1.2814605e+06 0.0000000e+00 0.0000000e+00 0.0000000e+00 0.0000000e+00
4.4790044e+06 -5.8572671e-09 0.0000000e+00 0.0000000e+00 0.0000000e+00
7.5043070e+05 6.4076281e-09 0.0000000e+00 0.0000000e+00 0.0000000e+00
1.0548791e+06 0.0000000e+00 0.0000000e+00 0.0000000e+00 0.0000000e+00
3.9189593e+06 0.0000000e+00 0.0000000e+00 0.0000000e+00 0.0000000e+00
6.6953789e+05 -1.1508513e-01 0.0000000e+00 0.0000000e+00 0.0000000e+00
2.8144185e+06 0.0000000e+00 0.0000000e+00 0.0000000e+00 0.0000000e+00
1.4902778e+06 0.0000000e+00 0.0000000e+00 0.0000000e+00 0.0000000e+00
9.5995846e+05 0.0000000e+00 0.0000000e+00 0.0000000e+00 0.0000000e+00
1.7847214e+06 0.0000000e+00 0.0000000e+00 0.0000000e+00 0.0000000e+00
5.1202789e+13 0.0000000e+00 0.0000000e+00 0.0000000e+00 0.0000000e+00
5.0429875e+05 2.3209620e+00 1.6725773e+00 0.0000000e+00 0.0000000e+00
4.4790044e+06 5.1440799e-09 0.0000000e+00 0.0000000e+00 0.0000000e+00
8.9355454e+05 0.0000000e+00 0.0000000e+00 0.0000000e+00 0.0000000e+00
2.3132999e+06 0.0000000e+00 0.0000000e+00 0.0000000e+00 0.0000000e+00
1.9946521e+06 9.6764896e-01 0.0000000e+00 0.0000000e+00 0.0000000e+00
2.8849611e+06 0.0000000e+00 0.0000000e+00 0.0000000e+00 0.0000000e+00
2.8263076e+06 0.0000000e+00 0.0000000e+00 0.0000000e+00 0.0000000e+00
3.1737436e+06 -1.1699029e+00 0.0000000e+00 0.0000000e+00 0.0000000e+00
5.0429875e+05 2.8145709e+00 4.4697362e+00 0.0000000e+00 0.0000000e+00
1.4620704e+06 0.0000000e+00 0.0000000e+00 0.0000000e+00 0.0000000e+00
5.8772569e+06 3.3242102e+00 0.0000000e+00 0.0000000e+00 0.0000000e+00
3.4790077e+06 1.1440710e+00 0.0000000e+00 0.0000000e+00 0.0000000e+00
2.0770252e+06 1.5707963e+00 0.0000000e+00 0.0000000e+00 0.0000000e+00
7.4713268e+05 -6.2524647e-04 0.0000000e+00 0.0000000e+00 0.0000000e+00
1.0506020e+06 3.0904684e-01 0.0000000e+00 0.0000000e+00 0.0000000e+00
1.6084976e+06 0.0000000e+00 0.0000000e+00 0.0000000e+00 0.0000000e+00
6.1979127e+05 2.0562261e+00 0.0000000e+00 0.0000000e+00 0.0000000e+00
3.2080783e+06 0.0000000e+00 0.0000000e+00 0.0000000e+00 0.0000000e+00
2.1272102e+06 0.0000000e+00 0.0000000e+00 0.0000000e+00 0.0000000e+00
3.9524625e+06 0.0000000e+00 0.0000000e+00 0.0000000e+00 0.0000000e+00
1.2681157e+07 1.1795610e-03 0.0000000e+00 0.0000000e+00 0.0000000e+00
5.0762508e+03 2.6177613e+00 0.0000000e+00 0.0000000e+00 0.0000000e+00
1.0748248e+06 0.0000000e+00 0.0000000e+00 0.0000000e+00 0.0000000e+00
1.3295317e+05 1.1900502e+00 0.0000000e+00 0.0000000e+00 0.0000000e+00
3.0606654e+06 0.0000000e+00 0.0000000e+00 0.0000000e+00 0.0000000e+00
1.2997533e+06 0.0000000e+00 0.0000000e+00 0.0000000e+00 0.0000000e+00
9.4233665e+04 7.3360250e-01 0.0000000e+00 0.0000000e+00 0.0000000e+00
5.0429875e+05 1.7722426e+00 1.5802345e+00 0.0000000e+00 0.0000000e+00
5.5254402e+06 0.0000000e+00 0.0000000e+00 0.0000000e+00 0.0000000e+00
4.4782936e+06 -1.6696590e-04 0.0000000e+00 0.0000000e+00 0.0000000e+00
7.5043070e+05 1.5707963e+00 0.0000000e+00 0.0000000e+00 0.0000000e+00
5.4453497e+14 0.0000000e+00 0.0000000e+00 0.0000000e+00 0.0000000e+00
7.2873387e+06 0.0000000e+00 0.0000000e+00 0.0000000e+00 0.0000000e+00
1.5167711e+14 0.0000000e+00 0.0000000e+00 0.0000000e+00 0.0000000e+00
1.8676902e+06 0.0000000e+00 0.0000000e+00 0.0000000e+00 0.0000000e+00
5.0762508e+03 5.5134259e-01 0.0000000e+00 0.0000000e+00 0.0000000e+00
6.9571391e+06 0.0000000e+00 0.0000000e+00 0.0000000e+00 0.0000000e+00
1.0905206e+06 0.0000000e+00 0.0000000e+00 0.0000000e+00 0.0000000e+00
1.5733158e+06 2.3206491e+00 0.0000000e+00 0.0000000e+00 0.0000000e+00
7.2501315e+05 4.3313025e-03 0.0000000e+00 0.0000000e+00 0.0000000e+00
2.0413428e+06 0.0000000e+00 0.0000000e+00 0.0000000e+00 0.0000000e+00
1.0952664e+06 2.1297811e+00 0.0000000e+00 0.0000000e+00 0.0000000e+00
2.3461246e+06 -2.3260323e+00 0.0000000e+00 0.0000000e+00 0.0000000e+00
4.3454289e+06 0.0000000e+00 0.0000000e+00 0.0000000e+00 0.0000000e+00
1.1664864e+06 0.0000000e+00 0.0000000e+00 0.0000000e+00 0.0000000e+00
3.9410673e+06 0.0000000e+00 0.0000000e+00 0.0000000e+00 0.0000000e+00
1.5312775e+06 1.5314562e-01 0.0000000e+00 0.0000000e+00 0.0000000e+00
7.5043070e+05 2.6136204e-01 1.3123998e+00 0.0000000e+00 0.0000000e+00
4.4606612e+06 0.0000000e+00 0.0000000e+00 0.0000000e+00 0.0000000e+00
4.4783797e+06 -8.6340042e-06 0.0000000e+00 0.0000000e+00 0.0000000e+00
7.5043070e+05 1.6129490e+00 4.2165188e-02 0.0000000e+00 0.0000000e+00
3.4431282e+06 1.0345006e+00 0.0000000e+00 0.0000000e+00 0.0000000e+00
3.4442803e+06 0.0000000e+00 0.0000000e+00 0.0000000e+00 0.0000000e+00
5.0429875e+05 1.0048915e+00 2.6164253e+00 0.0000000e+00 0.0000000e+00
5.0806353e+06 0.0000000e+00 0.0000000e+00 0.0000000e+00 0.0000000e+00
7.2303891e+05 0.0000000e+00 0.0000000e+00 0.0000000e+00 0.0000000e+00
3.8165167e+06 7.5727341e-03 0.0000000e+00 0.0000000e+00 0.0000000e+00
1.7385210e+06 1.1276662e+00 0.0000000e+00 0.0000000e+00 0.0000000e+00
9.6573574e+05 0.0000000e+00 0.0000000e+00 0.0000000e+00 0.0000000e+00
2.1272102e+06 0.0000000e+00 0.0000000e+00 0.0000000e+00 0.0000000e+00
5.0762508e+03 6.2600758e-02 0.0000000e+00 0.0000000e+00 0.0000000e+00
9.1657378e+05 2.2011526e+00 0.0000000e+00 0.0000000e+00 0.0000000e+00
1.1636897e+09 0.0000000e+00 0.0000000e+00 0.0000000e+00 0.0000000e+00
5.0429875e+05 1.5314102e+00 3.8719940e-01 0.0000000e+00 0.0000000e+00
1.3753319e+06 1.5707963e+00 0.0000000e+00 0.0000000e+00 0.0000000e+00
7.1554227e+16 0.0000000e+00 0.0000000e+00 0.0000000e+00 0.0000000e+00
7.0051173e+05 4.0092451e-01 0.0000000e+00 0.0000000e+00 0.0000000e+00
1.9700977e+07 1.5707963e+00 0.0000000e+00 0.0000000e+00 0.0000000e+00
2.3226211e+06 0.0000000e+00 0.0000000e+00 0.0000000e+00 0.0000000e+00
7.7102806e+07 -1.9381335e-09 0.0000000e+00 0.0000000e+00 0.0000000e+00
2.9909728e+06 0.0000000e+00 0.0000000e+00 0.0000000e+00 0.0000000e+00
7.5043070e+05 2.1469617e+00 2.5092509e+00 0.0000000e+00 0.0000000e+00
7.4353810e+05 1.0474141e+00 0.0000000e+00 0.0000000e+00 0.0000000e+00
8.4303868e+05 0.0000000e+00 0.0000000e+00 0.0000000e+00 0.0000000e+00
1.6487706e+06 1.1160020e+00 0.0000000e+00 0.0000000e+00 0.0000000e+00
7.5043070e+05 -5.8027714e-05 0.0000000e+00 0.0000000e+00 0.0000000e+00
1.2836988e+06 0.0000000e+00 0.0000000e+00 0.0000000e+00 0.0000000e+00
9.5773836e+05 -4.7240921e-01 0.0000000e+00 0.0000000e+00 0.0000000e+00
1.5180443e+07 0.0000000e+00 0.0000000e+00 0.0000000e+00 0.0000000e+00
5.0429875e+05 1.3312857e+00 0.0000000e+00 0.0000000e+00 0.0000000e+00
7.5043070e+05 1.8820455e+00 1.4355571e+00 0.0000000e+00 0.0000000e+00
1.1908001e+06 0.0000000e+00 0.0000000e+00 0.0000000e+00 0.0000000e+00
1.1914493e+24 0.0000000e+00 0.0000000e+00 0.0000000e+00 0.0000000e+00
7.8504939e+23 0.0000000e+00 0.0000000e+00 0.0000000e+00 0.0000000e+00
9.1342396e+05 0.0000000e+00 0.0000000e+00 0.0000000e+00 0.0000000e+00
3.4431282e+06 1.3118097e+00 0.0000000e+00 0.0000000e+00 0.0000000e+00
5.0753125e+03 9.9799534e-01 0.0000000e+00 0.0000000e+00 0.0000000e+00
1.0410247e+06 0.0000000e+00 0.0000000e+00 0.0000000e+00 0.0000000e+00
7.5043070e+05 3.1415926e+00 0.0000000e+00 0.0000000e+00 0.0000000e+00
2.5012248e+04 1.3277383e+00 4.0090960e-01 0.0000000e+00 0.0000000e+00
4.2386054e+06 0.0000000e+00 0.0000000e+00 0.0000000e+00 0.0000000e+00
5.0429875e+05 1.3255689e+00 1.7018088e+00 0.0000000e+00 0.0000000e+00
4.5899923e+06 3.1422555e+00 0.0000000e+00 0.0000000e+00 0.0000000e+00
2.7108450e+06 0.0000000e+00 0.0000000e+00 0.0000000e+00 0.0000000e+00
1.8439051e+05 9.2602584e-01 0.0000000e+00 0.0000000e+00 0.0000000e+00
1.1097674e+06 1.7824756e+00 0.0000000e+00 0.0000000e+00 0.0000000e+00
2.0770252e+06 3.1415926e+00 0.0000000e+00 0.0000000e+00 0.0000000e+00
1.3520241e+06 0.0000000e+00 0.0000000e+00 0.0000000e+00 0.0000000e+00
1.9935322e+07 0.0000000e+00 0.0000000e+00 0.0000000e+00 0.0000000e+00
4.4783586e+06 -7.6816635e-08 0.0000000e+00 0.0000000e+00 0.0000000e+00
7.5043070e+05 1.5706541e+00 0.0000000e+00 0.0000000e+00 0.0000000e+00
7.9898791e+06 0.0000000e+00 0.0000000e+00 0.0000000e+00 0.0000000e+00
5.3089466e+05 1.4281505e+00 0.0000000e+00 0.0000000e+00 0.0000000e+00
3.6023482e+06 0.0000000e+00 0.0000000e+00 0.0000000e+00 0.0000000e+00
1.5330431e+06 0.0000000e+00 0.0000000e+00 0.0000000e+00 0.0000000e+00
1.4601634e+06 1.5707963e+00 0.0000000e+00 0.0000000e+00 0.0000000e+00
1.4025264e+06 0.0000000e+00 0.0000000e+00 0.0000000e+00 0.0000000e+00
1.1103568e+06 0.0000000e+00 0.0000000e+00 0.0000000e+00 0.0000000e+00
4.4790044e+06 5.6708365e-09 0.0000000e+00 0.0000000e+00 0.0000000e+00
8.6998508e+05 4.8436667e-01 0.0000000e+00 0.0000000e+00 0.0000000e+00
1.1246213e+07 0.0000000e+00 0.0000000e+00 0.0000000e+00 0.0000000e+00
2.5242417e+06 0.0000000e+00 0.0000000e+00 0.0000000e+00 0.0000000e+00
7.5043070e+05 1.5707963e+00 0.0000000e+00 0.0000000e+00 0.0000000e+00
2.1732367e+06 0.0000000e+00 0.0000000e+00 0.0000000e+00 0.0000000e+00
7.5043070e+05 -6.7964632e-09 0.0000000e+00 0.0000000e+00 0.0000000e+00
7.3502058e+05 1.4972040e-02 0.0000000e+00 0.0000000e+00 0.0000000e+00
3.1787505e+06 1.5195696e+00 0.0000000e+00 0.0000000e+00 0.0000000e+00
5.0429875e+05 -7.1644527e+00 6.9511184e-01 0.0000000e+00 0.0000000e+00
4.1863198e+06 6.4630465e-02 0.0000000e+00 0.0000000e+00 0.0000000e+00
1.2393637e+06 0.0000000e+00 0.0000000e+00 0.0000000e+00 0.0000000e+00
4.2537158e+09 2.5409561e-01 0.0000000e+00 0.0000000e+00 0.0000000e+00
1.9074271e+06 -1.4709582e-09 0.0000000e+00 0.0000000e+00 0.0000000e+00
5.0429875e+05 1.5876116e+00 2.8823734e+00 0.0000000e+00 0.0000000e+00
2.3872980e+06 0.0000000e+00 0.0000000e+00 0.0000000e+00 0.0000000e+00
2.2793346e+05 1.1484443e+00 0.0000000e+00 0.0000000e+00 0.0000000e+00
1.8439051e+05 2.2544794e+00 0.0000000e+00 0.0000000e+00 0.0000000e+00
8.8930175e+06 0.0000000e+00 0.0000000e+00 0.0000000e+00 0.0000000e+00
1.3166690e+06 0.0000000e+00 0.0000000e+00 0.0000000e+00 0.0000000e+00
4.4783586e+06 2.7715697e-04 0.0000000e+00 0.0000000e+00 0.0000000e+00
5.2576480e+06 0.0000000e+00 0.0000000e+00 0.0000000e+00 0.0000000e+00
5.0764379e+03 1.5707963e+00 0.0000000e+00 0.0000000e+00 0.0000000e+00
4.2462927e+10 0.0000000e+00 0.0000000e+00 0.0000000e+00 0.0000000e+00
6.7256435e+06 0.0000000e+00 0.0000000e+00 0.0000000e+00 0.0000000e+00
5.0429875e+05 1.3284334e+00 1.6362674e+00 0.0000000e+00 0.0000000e+00
1.1104031e+06 2.4611727e+00 0.0000000e+00 0.0000000e+00 0.0000000e+00
5.0429875e+05 -3.3128566e-01 0.0000000e+00 0.0000000e+00 0.0000000e+00
1.4762797e+10 0.0000000e+00 0.0000000e+00 0.0000000e+00 0.0000000e+00
3.1647036e+06 -1.1578979e+00 0.0000000e+00 0.0000000e+00 0.0000000e+00
7.5043070e+05 -7.0260761e-09 0.0000000e+00 0.0000000e+00 0.0000000e+00
4.4790044e+06 3.1416676e+00 0.0000000e+00 0.0000000e+00 0.0000000e+00
1.2735285e+06 1.5707963e+00 0.0000000e+00 0.0000000e+00 0.0000000e+00
1.2458846e+06 1.5707963e+00 0.0000000e+00 0.0000000e+00 0.0000000e+00
7.1776053e+05 3.9759256e-02 0.0000000e+00 0.0000000e+00 0.0000000e+00
1.2791487e+06 0.0000000e+00 0.0000000e+00 0.0000000e+00 0.0000000e+00
2.4595861e+06 0.0000000e+00 0.0000000e+00 0.0000000e+00 0.0000000e+00
7.5043070e+05 1.5707963e+00 0.0000000e+00 0.0000000e+00 0.0000000e+00
1.0423533e+06 -5.1813703e-09 0.0000000e+00 0.0000000e+00 0.0000000e+00
7.5043070e+05 7.4161139e-01 -1.1510096e+00 0.0000000e+00 0.0000000e+00
6.0703375e+06 0.0000000e+00 0.0000000e+00 0.0000000e+00 0.0000000e+00
2.4010348e+06 0.0000000e+00 0.0000000e+00 0.0000000e+00 0.0000000e+00
7.5043070e+05 -4.5304695e-10 0.0000000e+00 0.0000000e+00 0.0000000e+00
1.0023620e+10 0.0000000e+00 0.0000000e+00 0.0000000e+00 0.0000000e+00
1.3855687e+05 1.0537740e+00 0.0000000e+00 0.0000000e+00 0.0000000e+00
1.0468590e+20 0.0000000e+00 0.0000000e+00 0.0000000e+00 0.0000000e+00
7.5043070e+05 3.1415927e+00 0.0000000e+00 0.0000000e+00 0.0000000e+00
4.4783586e+06 2.7715172e-04 0.0000000e+00 0.0000000e+00 0.0000000e+00
1.1333091e+08 0.0000000e+00 0.0000000e+00 0.0000000e+00 0.0000000e+00
7.5043070e+05 3.1415926e+00 0.0000000e+00 0.0000000e+00 0.0000000e+00
5.0429875e+05 2.0021499e+00 1.4655270e+00 0.0000000e+00 0.0000000e+00
1.0068244e+06 0.0000000e+00 0.0000000e+00 0.0000000e+00 0.0000000e+00
7.5043070e+05 1.5707963e+00 0.0000000e+00 0.0000000e+00 0.0000000e+00
7.5043070e+05 3.1415926e+00 0.0000000e+00 0.0000000e+00 0.0000000e+00
5.0448324e+05 -2.2971277e+04 -1.7253577e+04 0.0000000e+00 0.0000000e+00
5.5151120e+06 0.0000000e+00 0.0000000e+00 0.0000000e+00 0.0000000e+00
1.0124682e+06 0.0000000e+00 0.0000000e+00 0.0000000e+00 0.0000000e+00
7.7102806e+07 1.5707963e+00 0.0000000e+00 0.0000000e+00 0.0000000e+00
2.2762536e+06 0.0000000e+00 0.0000000e+00 0.0000000e+00 0.0000000e+00
1.0423533e+06 -5.4853952e-09 0.0000000e+00 0.0000000e+00 0.0000000e+00
6.1969251e+05 -1.5430968e-01 0.0000000e+00 0.0000000e+00 0.0000000e+00
5.7003012e+10 0.0000000e+00 0.0000000e+00 0.0000000e+00 0.0000000e+00
1.0423533e+06 6.0880683e+00 0.0000000e+00 0.0000000e+00 0.0000000e+00
7.5043070e+05 -3.1413365e+00 0.0000000e+00 0.0000000e+00 0.0000000e+00
5.0753125e+03 1.0005018e+00 0.0000000e+00 0.0000000e+00 0.0000000e+00
7.1415005e+05 2.3636197e-01 0.0000000e+00 0.0000000e+00 0.0000000e+00
5.0762508e+03 1.5002014e+00 0.0000000e+00 0.0000000e+00 0.0000000e+00
7.5043070e+05 -1.5631303e-09 0.0000000e+00 0.0000000e+00 0.0000000e+00
4.5899923e+06 1.5714592e+00 0.0000000e+00 0.0000000e+00 0.0000000e+00
5.5574981e+12 0.0000000e+00 0.0000000e+00 0.0000000e+00 0.0000000e+00
7.5043070e+05 3.1415927e+00 0.0000000e+00 0.0000000e+00 0.0000000e+00
1.0423533e+06 1.5707963e+00 0.0000000e+00 0.0000000e+00 0.0000000e+00
7.5043070e+05 -1.0016367e-08 0.0000000e+00 0.0000000e+00 0.0000000e+00
7.0641486e+06 0.0000000e+00 0.0000000e+00 0.0000000e+00 0.0000000e+00
1.6602135e+06 0.0000000e+00 0.0000000e+00 0.0000000e+00 0.0000000e+00
1.1335530e+08 0.0000000e+00 0.0000000e+00 0.0000000e+00 0.0000000e+00
1.7991464e+06 0.0000000e+00 0.0000000e+00 0.0000000e+00 0.0000000e+00
3.3958169e+05 0.0000000e+00 0.0000000e+00 0.0000000e+00 0.0000000e+00
1.1517634e+06 1.5707963e+00 0.0000000e+00 0.0000000e+00 0.0000000e+00
7.3568489e+09 0.0000000e+00 0.0000000e+00 0.0000000e+00 0.0000000e+00
7.5043070e+05 -7.5006896e-09 0.0000000e+00 0.0000000e+00 0.0000000e+00
4.6945758e+06 -1.5707963e+00 0.0000000e+00 0.0000000e+00 0.0000000e+00
8.2258058e+05 1.7961415e-01 0.0000000e+00 0.0000000e+00 0.0000000e+00
3.0515465e+06 0.0000000e+00 0.0000000e+00 0.0000000e+00 0.0000000e+00
9.4233665e+04 5.6826747e-01 0.0000000e+00 0.0000000e+00 0.0000000e+00
1.0278521e+10 5.1868690e+01 0.0000000e+00 0.0000000e+00 0.0000000e+00
1.0076011e+06 1.5707963e+00 0.0000000e+00 0.0000000e+00 0.0000000e+00
1.1911673e+06 0.0000000e+00 0.0000000e+00 0.0000000e+00 0.0000000e+00
3.4442803e+06 1.5707963e+00 0.0000000e+00 0.0000000e+00 0.0000000e+00
3.8021657e+06 0.0000000e+00 0.0000000e+00 0.0000000e+00 0.0000000e+00
6.1538236e+07 -1.5707964e+00 0.0000000e+00 0.0000000e+00 0.0000000e+00
1.3331218e+06 -1.1492979e+00 0.0000000e+00 0.0000000e+00 0.0000000e+00
7.2315113e+05 1.7248920e+00 0.0000000e+00 0.0000000e+00 0.0000000e+00
6.8152784e+05 2.8202506e+00 0.0000000e+00 0.0000000e+00 0.0000000e+00
8.4023185e+09 4.5810362e-02 0.0000000e+00 0.0000000e+00 0.0000000e+00
4.4702761e+06 8.3377823e-02 0.0000000e+00 0.0000000e+00 0.0000000e+00
1.8237102e+05 -3.5303948e-01 0.0000000e+00 0.0000000e+00 0.0000000e+00
7.2017967e+05 3.1986494e+00 0.0000000e+00 0.0000000e+00 0.0000000e+00
4.9986448e+06 0.0000000e+00 0.0000000e+00 0.0000000e+00 0.0000000e+00
1.5762325e+06 0.0000000e+00 0.0000000e+00 0.0000000e+00 0.0000000e+00
7.5044677e+05 1.6648330e+05 0.0000000e+00 0.0000000e+00 0.0000000e+00
5.9871017e+07 6.6326908e+00 0.0000000e+00 0.0000000e+00 0.0000000e+00
2.6598314e+06 0.0000000e+00 0.0000000e+00 0.0000000e+00 0.0000000e+00
1.6909392e+06 0.0000000e+00 0.0000000e+00 0.0000000e+00 0.0000000e+00
7.5043070e+05 -2.1169723e-09 0.0000000e+00 0.0000000e+00 0.0000000e+00
4.4790066e+06 1.1757485e+00 0.0000000e+00 0.0000000e+00 0.0000000e+00
7.5043070e+05 -7.2703413e+01 8.0782830e+02 0.0000000e+00 0.0000000e+00
1.4929502e+06 0.0000000e+00 0.0000000e+00 0.0000000e+00 0.0000000e+00
6.9005743e+05 4.1040636e-01 0.0000000e+00 0.0000000e+00 0.0000000e+00
7.5043070e+05 -3.9872824e-09 -1.1300603e+00 0.0000000e+00 0.0000000e+00
1.0938822e+06 0.0000000e+00 0.0000000e+00 0.0000000e+00 0.0000000e+00
1.3864843e+06 0.0000000e+00 0.0000000e+00 0.0000000e+00 0.0000000e+00
7.5043070e+05 -5.8384113e-09 0.0000000e+00 0.0000000e+00 0.0000000e+00
7.5043070e+05 -9.5856084e-09 0.0000000e+00 0.0000000e+00 0.0000000e+00
1.7991981e+07 1.5707963e+00 0.0000000e+00 0.0000000e+00 0.0000000e+00
8.7039118e+07 0.0000000e+00 0.0000000e+00 0.0000000e+00 0.0000000e+00
2.0573751e+11 0.0000000e+00 0.0000000e+00 0.0000000e+00 0.0000000e+00
7.2750171e+05 0.0000000e+00 0.0000000e+00 0.0000000e+00 0.0000000e+00
2.2027642e+05 1.1430017e+00 0.0000000e+00 0.0000000e+00 0.0000000e+00
7.5043070e+05 -3.4433953e-09 0.0000000e+00 0.0000000e+00 0.0000000e+00
7.5043070e+05 1.5707963e+00 6.8180136e-01 0.0000000e+00 0.0000000e+00
5.0429875e+05 1.1562776e+00 4.1597540e-01 0.0000000e+00 0.0000000e+00
2.7163688e+06 1.4951028e+00 0.0000000e+00 0.0000000e+00 0.0000000e+00
8.2258058e+05 3.0996943e+01 0.0000000e+00 0.0000000e+00 0.0000000e+00
5.0429875e+05 1.9922584e+00 -8.3028595e-01 0.0000000e+00 0.0000000e+00
5.0743217e+03 9.9733452e-01 -4.9906046e-01 0.0000000e+00 0.0000000e+00
5.9042881e+04 1.3220780e+00 7.2854762e-01 0.0000000e+00 0.0000000e+00
2.3461246e+06 8.1556040e-01 0.0000000e+00 0.0000000e+00 0.0000000e+00
5.0348311e+06 0.0000000e+00 0.0000000e+00 0.0000000e+00 0.0000000e+00
4.5611730e+06 0.0000000e+00 0.0000000e+00 0.0000000e+00 0.0000000e+00
1.7727872e+06 0.0000000e+00 0.0000000e+00 0.0000000e+00 0.0000000e+00
8.8862236e+05 1.5707963e+00 0.0000000e+00 0.0000000e+00 0.0000000e+00
5.9804860e+05 0.0000000e+00 0.0000000e+00 0.0000000e+00 0.0000000e+00
5.1819533e+04 1.2621982e+00 -3.1715230e-01 0.0000000e+00 0.0000000e+00
5.3737730e+05 1.4106193e+00 0.0000000e+00 0.0000000e+00 0.0000000e+00
2.0770241e+06 1.1323668e-05 0.0000000e+00 0.0000000e+00 0.0000000e+00
inf 0.0000000e+00 0.0000000e+00 0.0000000e+00 0.0000000e+00
2.1884269e+06 2.3868195e+00 0.0000000e+00 0.0000000e+00 0.0000000e+00
8.4892210e+06 1.5707963e+00 0.0000000e+00 0.0000000e+00 0.0000000e+00
1.8439051e+05 -3.9898499e-01 0.0000000e+00 0.0000000e+00 0.0000000e+00
4.4790067e+06 -4.1681040e-09 0.0000000e+00 0.0000000e+00 0.0000000e+00
1.6078795e+05 1.3427527e+00 0.0000000e+00 0.0000000e+00 0.0000000e+00
3.6242649e+06 1.7909960e+00 0.0000000e+00 0.0000000e+00 0.0000000e+00
4.5899926e+06 0.0000000e+00 0.0000000e+00 0.0000000e+00 0.0000000e+00
7.6501598e+06 -2.6545635e+00 0.0000000e+00 0.0000000e+00 0.0000000e+00
5.0429875e+05 1.2629283e+00 2.2578534e+00 0.0000000e+00 0.0000000e+00
3.6224449e+06 0.0000000e+00 0.0000000e+00 0.0000000e+00 0.0000000e+00
7.1554235e+16 0.0000000e+00 0.0000000e+00 0.0000000e+00 0.0000000e+00
1.3899121e+06 0.0000000e+00 0.0000000e+00 0.0000000e+00 0.0000000e+00
2.0062075e+07 0.0000000e+00 0.0000000e+00 0.0000000e+00 0.0000000e+00
7.5130412e+05 -8.6773944e-04 0.0000000e+00 0.0000000e+00 0.0000000e+00
5.0429875e+05 1.5294747e+00 1.7421445e+00 0.0000000e+00 0.0000000e+00
5.0762508e+03 2.5278426e-01 0.0000000e+00 0.0000000e+00 0.0000000e+00
1.5600859e+06 9.1660347e-01 0.0000000e+00 0.0000000e+00 0.0000000e+00
7.2503927e+05 0.0000000e+00 0.0000000e+00 0.0000000e+00 0.0000000e+00
2.8952662e+06 0.0000000e+00 0.0000000e+00 0.0000000e+00 0.0000000e+00
9.2256543e+06 -2.3893785e+00 0.0000000e+00 0.0000000e+00 0.0000000e+00
1.3326610e+06 0.0000000e+00 0.0000000e+00 0.0000000e+00 0.0000000e+00
7.5043070e+05 1.5707963e+00 0.0000000e+00 0.0000000e+00 0.0000000e+00
1.4580777e+08 0.0000000e+00 0.0000000e+00 0.0000000e+00 0.0000000e+00
6.7137776e+06 0.0000000e+00 0.0000000e+00 0.0000000e+00 0.0000000e+00
3.8898644e+06 0.0000000e+00 0.0000000e+00 0.0000000e+00 0.0000000e+00
1.0423533e+06 -2.7239959e-04 0.0000000e+00 0.0000000e+00 0.0000000e+00
8.4382636e+09 0.0000000e+00 0.0000000e+00 0.0000000e+00 0.0000000e+00
1.8439051e+05 7.0072298e-01 0.0000000e+00 0.0000000e+00 0.0000000e+00
1.3677003e+06 0.0000000e+00 0.0000000e+00 0.0000000e+00 0.0000000e+00
1.7076397e+06 0.0000000e+00 0.0000000e+00 0.0000000e+00 0.0000000e+00
1.6337433e+06 0.0000000e+00 0.0000000e+00 0.0000000e+00 0.0000000e+00
3.8638093e+05 0.0000000e+00 0.0000000e+00 0.0000000e+00 0.0000000e+00
5.0429875e+05 1.4200837e+00 6.1653143e-01 0.0000000e+00 0.0000000e+00
6.8657118e+05 1.5911856e-01 0.0000000e+00 0.0000000e+00 0.0000000e+00
5.0429875e+05 1.1684003e+00 -5.9330996e-01 0.0000000e+00 0.0000000e+00
1.8061967e+06 0.0000000e+00 0.0000000e+00 0.0000000e+00 0.0000000e+00
1.0495571e+06 0.0000000e+00 0.0000000e+00 0.0000000e+00 0.0000000e+00
2.6496194e+06 2.6006653e+00 0.0000000e+00 0.0000000e+00 0.0000000e+00
1.4086926e+06 0.0000000e+00 0.0000000e+00 0.0000000e+00 0.0000000e+00
5.0429875e+05 6.1220484e-01 1.7561466e+00 0.0000000e+00 0.0000000e+00
1.3501575e+06 0.0000000e+00 0.0000000e+00 0.0000000e+00 0.0000000e+00
9.2219093e+05 0.0000000e+00 0.0000000e+00 0.0000000e+00 0.0000000e+00
1.0725484e+06 1.9793058e+00 0.0000000e+00 0.0000000e+00 0.0000000e+00
1.7733827e+06 0.0000000e+00 0.0000000e+00 0.0000000e+00 0.0000000e+00
5.2738855e+05 1.6977012e+00 0.0000000e+00 0.0000000e+00 0.0000000e+00
5.0429875e+05 3.5828768e+00 6.7775603e-01 0.0000000e+00 0.0000000e+00
7.5043070e+05 1.5707963e+00 0.0000000e+00 0.0000000e+00 0.0000000e+00
4.2863573e+06 1.5707963e+00 0.0000000e+00 0.0000000e+00 0.0000000e+00
7.5043070e+05 -6.1525302e-09 0.0000000e+00 0.0000000e+00 0.0000000e+00
1.3346729e+06 0.0000000e+00 0.0000000e+00 0.0000000e+00 0.0000000e+00
5.0429875e+05 -5.6194439e+00 -5.4862501e+00 0.0000000e+00 0.0000000e+00
1.0099346e+06 1.3131064e+00 0.0000000e+00 0.0000000e+00 0.0000000e+00
1.6886994e+06 0.0000000e+00 0.0000000e+00 0.0000000e+00 0.0000000e+00
3.8165167e+06 2.9499399e-01 0.0000000e+00 0.0000000e+00 0.0000000e+00
2.6957063e+06 1.5333283e-02 0.0000000e+00 0.0000000e+00 0.0000000e+00
4.4783586e+06 3.1582415e+00 0.0000000e+00 0.0000000e+00 0.0000000e+00
7.2017967e+05 1.6278531e+00 0.0000000e+00 0.0000000e+00 0.0000000e+00
1.5195699e+06 0.0000000e+00 0.0000000e+00 0.0000000e+00 0.0000000e+00
1.2654378e+06 5.2968527e-01 0.0000000e+00 0.0000000e+00 0.0000000e+00
2.7641030e+06 0.0000000e+00 0.0000000e+00 0.0000000e+00 0.0000000e+00
1.3200351e+07 -1.5707963e+00 0.0000000e+00 0.0000000e+00 0.0000000e+00
1.4334950e+06 0.0000000e+00 0.0000000e+00 0.0000000e+00 0.0000000e+00
5.0429875e+05 8.4171909e-01 5.9673321e-01 0.0000000e+00 0.0000000e+00
3.7841613e+06 1.5707963e+00 0.0000000e+00 0.0000000e+00 0.0000000e+00
5.0429875e+05 1.5138812e+00 2.3800429e+00 0.0000000e+00 0.0000000e+00
1.6239457e+10 0.0000000e+00 0.0000000e+00 0.0000000e+00 0.0000000e+00
9.0856146e+05 0.0000000e+00 0.0000000e+00 0.0000000e+00 0.0000000e+00
1.3932129e+05 2.0139861e-01 0.0000000e+00 0.0000000e+00 0.0000000e+00
1.3358372e+06 0.0000000e+00 0.0000000e+00 0.0000000e+00 0.0000000e+00
8.6998508e+05 -4.8436669e-01 0.0000000e+00 0.0000000e+00 0.0000000e+00
1.2836188e+06 1.5707963e+00 0.0000000e+00 0.0000000e+00 0.0000000e+00
9.3266436e+04 4.9003417e-01 0.0000000e+00 0.0000000e+00 0.0000000e+00
6.1070364e+06 0.0000000e+00 0.0000000e+00 0.0000000e+00 0.0000000e+00
2.1884269e+06 5.4671621e+00 0.0000000e+00 0.0000000e+00 0.0000000e+00
2.6830786e+06 5.9381052e+00 0.0000000e+00 0.0000000e+00 0.0000000e+00
7.1383219e+05 5.3603867e-01 6.6122775e-02 0.0000000e+00 0.0000000e+00
1.0952583e+08 0.0000000e+00 0.0000000e+00 0.0000000e+00 0.0000000e+00
3.6242649e+06 1.7909960e+00 0.0000000e+00 0.0000000e+00 0.0000000e+00
4.0066508e+06 0.0000000e+00 0.0000000e+00 0.0000000e+00 0.0000000e+00
2.9208006e+06 0.0000000e+00 0.0000000e+00 0.0000000e+00 0.0000000e+00
1.0423533e+06 1.5707963e+00 0.0000000e+00 0.0000000e+00 0.0000000e+00
5.0429875e+05 2.5924774e+00 6.2381722e-02 0.0000000e+00 0.0000000e+00
5.0751746e+03 -9.2459075e-04 0.0000000e+00 0.0000000e+00 0.0000000e+00
4.1133631e+13 0.0000000e+00 0.0000000e+00 0.0000000e+00 0.0000000e+00
7.5043070e+05 1.5707963e+00 0.0000000e+00 0.0000000e+00 0.0000000e+00
6.4685441e+06 0.0000000e+00 0.0000000e+00 0.0000000e+00 0.0000000e+00
1.4676989e+06 1.7462626e+00 0.0000000e+00 0.0000000e+00 0.0000000e+00
7.5043070e+05 -7.5794984e-09 1.3379165e+00 0.0000000e+00 0.0000000e+00
2.6423514e+06 0.0000000e+00 0.0000000e+00 0.0000000e+00 0.0000000e+00
7.5043070e+05 6.0880680e+00 0.0000000e+00 0.0000000e+00 0.0000000e+00
1.2926254e+06 0.0000000e+00 0.0000000e+00 0.0000000e+00 0.0000000e+00
2.5943940e+06 -2.8799966e+00 0.0000000e+00 0.0000000e+00 0.0000000e+00
5.8772569e+06 1.2211076e+02 0.0000000e+00 0.0000000e+00 0.0000000e+00
3.1447092e+05 0.0000000e+00 0.0000000e+00 0.0000000e+00 0.0000000e+00
4.0858294e+09 0.0000000e+00 0.0000000e+00 0.0000000e+00 0.0000000e+00
4.4786703e+06 3.1415882e+00 0.0000000e+00 0.0000000e+00 0.0000000e+00
7.5050463e+05 -1.1453929e+05 0.0000000e+00 0.0000000e+00 0.0000000e+00
1.3864843e+06 0.0000000e+00 0.0000000e+00 0.0000000e+00 0.0000000e+00
4.0614421e+04 8.0287776e-01 0.0000000e+00 0.0000000e+00 0.0000000e+00
3.4431282e+06 9.3441221e-01 0.0000000e+00 0.0000000e+00 0.0000000e+00
4.4780546e+06 9.3187360e-09 0.0000000e+00 0.0000000e+00 0.0000000e+00
1.9658363e+06 0.0000000e+00 0.0000000e+00 0.0000000e+00 0.0000000e+00
2.6373510e+06 0.0000000e+00 0.0000000e+00 0.0000000e+00 0.0000000e+00
1.1915152e+06 0.0000000e+00 0.0000000e+00 0.0000000e+00 0.0000000e+00
5.0429875e+05 4.2869727e-01 3.2026209e+00 0.0000000e+00 0.0000000e+00
2.1884269e+06 4.0960898e+00 0.0000000e+00 0.0000000e+00 0.0000000e+00
8.3407768e+05 -9.5270451e-01 0.0000000e+00 0.0000000e+00 0.0000000e+00
3.3738075e+05 1.3667247e+00 0.0000000e+00 0.0000000e+00 0.0000000e+00
6.3358344e+08 8.1428349e-12 0.0000000e+00 0.0000000e+00 0.0000000e+00
6.8175008e+06 0.0000000e+00 0.0000000e+00 0.0000000e+00 0.0000000e+00
1.6245870e+07 0.0000000e+00 0.0000000e+00 0.0000000e+00 0.0000000e+00
8.1959729e+06 1.5707963e+00 0.0000000e+00 0.0000000e+00 0.0000000e+00
3.4264890e+06 -1.4735174e+00 0.0000000e+00 0.0000000e+00 0.0000000e+00
1.8439051e+05 7.6640565e+00 0.0000000e+00 0.0000000e+00 0.0000000e+00
1.3200351e+07 1.5707963e+00 0.0000000e+00 0.0000000e+00 0.0000000e+00
2.9686034e+06 0.0000000e+00 0.0000000e+00 0.0000000e+00 0.0000000e+00
1.3753319e+06 4.7123890e+00 0.0000000e+00 0.0000000e+00 0.0000000e+00
7.0486006e+05 3.7444564e-01 0.0000000e+00 0.0000000e+00 0.0000000e+00
7.5043070e+05 3.1415926e+00 0.0000000e+00 0.0000000e+00 0.0000000e+00
1.1017317e+06 0.0000000e+00 0.0000000e+00 0.0000000e+00 0.0000000e+00
9.7053357e+05 0.0000000e+00 0.0000000e+00 0.0000000e+00 0.0000000e+00
1.4052007e+06 0.0000000e+00 0.0000000e+00 0.0000000e+00 0.0000000e+00
7.7914212e+09 0.0000000e+00 0.0000000e+00 0.0000000e+00 0.0000000e+00
2.3461246e+06 2.3863567e+00 0.0000000e+00 0.0000000e+00 0.0000000e+00
1.0476936e+06 0.0000000e+00 0.0000000e+00 0.0000000e+00 0.0000000e+00
2.0173253e+06 -2.1544921e-02 0.0000000e+00 0.0000000e+00 0.0000000e+00
1.7991981e+07 0.0000000e+00 0.0000000e+00 0.0000000e+00 0.0000000e+00
1.0952664e+06 8.4779392e-01 0.0000000e+00 0.0000000e+00 0.0000000e+00
1.5625055e+06 0.0000000e+00 0.0000000e+00 0.0000000e+00 0.0000000e+00
1.3915056e+05 0.0000000e+00 0.0000000e+00 0.0000000e+00 0.0000000e+00
2.9551086e+07 0.0000000e+00 0.0000000e+00 0.0000000e+00 0.0000000e+00
1.3315460e+06 0.0000000e+00 0.0000000e+00 0.0000000e+00 0.0000000e+00
5.6310171e+11 0.0000000e+00 0.0000000e+00 0.0000000e+00 0.0000000e+00
8.3572496e+06 1.5707963e+00 0.0000000e+00 0.0000000e+00 0.0000000e+00
9.9505432e+05 1.5707963e+00 0.0000000e+00 0.0000000e+00 0.0000000e+00
7.3967930e+05 0.0000000e+00 0.0000000e+00 0.0000000e+00 0.0000000e+00
1.1493992e+06 3.3907189e-01 0.0000000e+00 0.0000000e+00 0.0000000e+00
1.8539905e+06 0.0000000e+00 0.0000000e+00 0.0000000e+00 0.0000000e+00
1.3441086e+06 -1.0279451e+00 0.0000000e+00 0.0000000e+00 0.0000000e+00
4.4790050e+06 2.5977111e-09 0.0000000e+00 0.0000000e+00 0.0000000e+00
4.0858294e+09 0.0000000e+00 0.0000000e+00 0.0000000e+00 0.0000000e+00
5.0429875e+05 2.0392322e+00 4.2599381e-01 0.0000000e+00 0.0000000e+00
5.7420656e+08 0.0000000e+00 0.0000000e+00 0.0000000e+00 0.0000000e+00
1.7319957e+05 1.5576247e+00 0.0000000e+00 0.0000000e+00 0.0000000e+00
4.6377437e+06 -1.9382207e+01 0.0000000e+00 0.0000000e+00 0.0000000e+00
1.3295317e+05 2.0056779e+00 0.0000000e+00 0.0000000e+00 0.0000000e+00
5.0429875e+05 -1.9015681e-01 1.2955598e+00 0.0000000e+00 0.0000000e+00
4.2617749e+06 0.0000000e+00 0.0000000e+00 0.0000000e+00 0.0000000e+00
6.8724280e+05 4.1984921e-01 0.0000000e+00 0.0000000e+00 0.0000000e+00
1.2005200e+06 1.5140732e+00 0.0000000e+00 0.0000000e+00 0.0000000e+00
3.4373653e+06 0.0000000e+00 0.0000000e+00 0.0000000e+00 0.0000000e+00
1.6159136e+06 0.0000000e+00 0.0000000e+00 0.0000000e+00 0.0000000e+00
1.3295317e+05 1.1097317e+00 1.6711335e+00 0.0000000e+00 0.0000000e+00
2.9977126e+23 0.0000000e+00 0.0000000e+00 0.0000000e+00 0.0000000e+00
8.8410299e+09 0.0000000e+00 0.0000000e+00 0.0000000e+00 0.0000000e+00
4.4783586e+06 1.5705192e+00 0.0000000e+00 0.0000000e+00 0.0000000e+00
6.0113217e+06 0.0000000e+00 0.0000000e+00 0.0000000e+00 0.0000000e+00
2.2705221e+08 0.0000000e+00 0.0000000e+00 0.0000000e+00 0.0000000e+00
1.2017652e+06 0.0000000e+00 0.0000000e+00 0.0000000e+00 0.0000000e+00
1.2203252e+06 0.0000000e+00 0.0000000e+00 0.0000000e+00 0.0000000e+00
nan 0.0000000e+00 0.0000000e+00 0.0000000e+00 0.0000000e+00
2.0489582e+06 1.5707963e+00 0.0000000e+00 0.0000000e+00 0.0000000e+00
7.5043070e+05 1.4851760e+00 9.9633681e-01 0.0000000e+00 0.0000000e+00
1.6318213e+06 1.1484982e+00 0.0000000e+00 0.0000000e+00 0.0000000e+00
2.4661127e+06 0.0000000e+00 0.0000000e+00 0.0000000e+00 0.0000000e+00
7.5056945e+05 1.4973715e+06 0.0000000e+00 0.0000000e+00 0.0000000e+00
2.2280082e+06 0.0000000e+00 0.0000000e+00 0.0000000e+00 0.0000000e+00
9.7576548e+05 -1.7400798e-01 0.0000000e+00 0.0000000e+00 0.0000000e+00
4.5527367e+06 0.0000000e+00 0.0000000e+00 0.0000000e+00 0.0000000e+00
2.3028657e+05 0.0000000e+00 0.0000000e+00 0.0000000e+00 0.0000000e+00
5.6093056e+06 0.0000000e+00 0.0000000e+00 0.0000000e+00 0.0000000e+00
5.7661143e+06 3.7305920e-01 0.0000000e+00 0.0000000e+00 0.0000000e+00
1.7858061e+06 7.2965793e-01 0.0000000e+00 0.0000000e+00 0.0000000e+00
7.5043070e+05 1.5707963e+00 1.5707963e+00 0.0000000e+00 0.0000000e+00
1.2468660e+07 0.0000000e+00 0.0000000e+00 0.0000000e+00 0.0000000e+00
1.6533857e+08 0.0000000e+00 0.0000000e+00 0.0000000e+00 0.0000000e+00
7.1235191e+05 1.5540940e+00 0.0000000e+00 0.0000000e+00 0.0000000e+00
1.8112405e+06 0.0000000e+00 0.0000000e+00 0.0000000e+00 0.0000000e+00
8.2258058e+05 6.4637795e+00 0.0000000e+00 0.0000000e+00 0.0000000e+00
1.0423533e+06 1.5707963e+00 0.0000000e+00 0.0000000e+00 0.0000000e+00
1.9074271e+06 0.0000000e+00 0.0000000e+00 0.0000000e+00 0.0000000e+00
4.4790066e+06 0.0000000e+00 0.0000000e+00 0.0000000e+00 0.0000000e+00
4.2026240e+05 0.0000000e+00 0.0000000e+00 0.0000000e+00 0.0000000e+00
2.4528066e+06 0.0000000e+00 0.0000000e+00 0.0000000e+00 0.0000000e+00
7.0550438e+06 0.0000000e+00 0.0000000e+00 0.0000000e+00 0.0000000e+00
3.8165167e+06 8.7131659e-02 0.0000000e+00 0.0000000e+00 0.0000000e+00
1.6670843e+13 0.0000000e+00 0.0000000e+00 0.0000000e+00 0.0000000e+00
2.6613759e+05 1.5707963e+00 0.0000000e+00 0.0000000e+00 0.0000000e+00
2.0042255e+09 -6.2784087e+00 0.0000000e+00 0.0000000e+00 0.0000000e+00
7.6568500e+05 -5.2935129e-01 0.0000000e+00 0.0000000e+00 0.0000000e+00
3.1766123e+06 2.1421696e+00 0.0000000e+00 0.0000000e+00 0.0000000e+00
1.4647476e+06 0.0000000e+00 0.0000000e+00 0.0000000e+00 0.0000000e+00
1.7123866e+06 0.0000000e+00 0.0000000e+00 0.0000000e+00 0.0000000e+00
3.1296776e+06 6.6616948e-02 0.0000000e+00 0.0000000e+00 0.0000000e+00
6.6330227e+05 2.2774678e-01 0.0000000e+00 0.0000000e+00 0.0000000e+00
2.1692988e+06 0.0000000e+00 0.0000000e+00 0.0000000e+00 0.0000000e+00
7.7405608e+05 1.0401767e+00 0.0000000e+00 0.0000000e+00 0.0000000e+00
2.1884269e+06 3.8963658e+00 0.0000000e+00 0.0000000e+00 0.0000000e+00
1.0725484e+06 1.9793058e+00 0.0000000e+00 0.0000000e+00 0.0000000e+00
4.3925691e+06 0.0000000e+00 0.0000000e+00 0.0000000e+00 0.0000000e+00
1.5071672e+06 0.0000000e+00 0.0000000e+00 0.0000000e+00 0.0000000e+00
4.9813595e+07 0.0000000e+00 0.0000000e+00 0.0000000e+00 0.0000000e+00
1.0423533e+06 1.5707963e+00 0.0000000e+00 0.0000000e+00 0.0000000e+00
6.0832522e+05 0.0000000e+00 0.0000000e+00 0.0000000e+00 0.0000000e+00
5.0429875e+05 2.2252777e+00 8.4168502e-01 0.0000000e+00 0.0000000e+00
1.2019224e+06 0.0000000e+00 0.0000000e+00 0.0000000e+00 0.0000000e+00
7.3304376e+05 1.3273709e+00 0.0000000e+00 0.0000000e+00 0.0000000e+00
1.2987379e+06 0.0000000e+00 0.0000000e+00 0.0000000e+00 0.0000000e+00
1.3855687e+05 1.1104397e+00 0.0000000e+00 0.0000000e+00 0.0000000e+00
7.5043070e+05 1.5987326e+00 1.5714095e+00 0.0000000e+00 0.0000000e+00
2.7597781e+06 0.0000000e+00 0.0000000e+00 0.0000000e+00 0.0000000e+00
1.2411704e+06 0.0000000e+00 0.0000000e+00 0.0000000e+00 0.0000000e+00
4.7996728e+06 -5.2582021e-10 0.0000000e+00 0.0000000e+00 0.0000000e+00
9.7736450e+04 0.0000000e+00 0.0000000e+00 0.0000000e+00 0.0000000e+00
6.1486321e+05 1.6165646e+00 0.0000000e+00 0.0000000e+00 0.0000000e+00
8.5482428e+05 0.0000000e+00 0.0000000e+00 0.0000000e+00 0.0000000e+00
6.9788405e+05 2.2983951e-01 0.0000000e+00 0.0000000e+00 0.0000000e+00
1.1917849e+05 1.4867231e-01 0.0000000e+00 0.0000000e+00 0.0000000e+00
8.4361522e+09 0.0000000e+00 0.0000000e+00 0.0000000e+00 0.0000000e+00
4.4786725e+06 4.4773968e-06 0.0000000e+00 0.0000000e+00 0.0000000e+00
1.9243256e+05 2.2777660e+00 -2.3290453e-01 0.0000000e+00 0.0000000e+00
5.9871017e+07 6.6326907e+00 0.0000000e+00 0.0000000e+00 0.0000000e+00
8.2863636e+05 0.0000000e+00 0.0000000e+00 0.0000000e+00 0.0000000e+00
1.2804018e+06 0.0000000e+00 0.0000000e+00 0.0000000e+00 0.0000000e+00
3.1055194e+07 0.0000000e+00 0.0000000e+00 0.0000000e+00 0.0000000e+00
1.8439051e+05 2.7720178e+00 0.0000000e+00 0.0000000e+00 0.0000000e+00
1.5770684e+06 -7.5071350e-01 0.0000000e+00 0.0000000e+00 0.0000000e+00
3.0659446e+07 0.0000000e+00 0.0000000e+00 0.0000000e+00 0.0000000e+00
8.5022335e+07 0.0000000e+00 0.0000000e+00 0.0000000e+00 0.0000000e+00
2.3154408e+06 0.0000000e+00 0.0000000e+00 0.0000000e+00 0.0000000e+00
6.9005743e+05 3.9898198e-01 0.0000000e+00 0.0000000e+00 0.0000000e+00
6.6953789e+05 3.2569333e+00 0.0000000e+00 0.0000000e+00 0.0000000e+00
5.0429875e+05 2.1025995e+00 2.5044203e+00 0.0000000e+00 0.0000000e+00
9.4648525e+05 5.3470551e-01 0.0000000e+00 0.0000000e+00 0.0000000e+00
9.3824679e+05 0.0000000e+00 0.0000000e+00 0.0000000e+00 0.0000000e+00
1.1754435e+06 1.3411451e+00 0.0000000e+00 0.0000000e+00 0.0000000e+00
7.5043070e+05 1.5707963e+00 0.0000000e+00 0.0000000e+00 0.0000000e+00
5.9042881e+04 7.5638499e-01 1.1343011e+00 0.0000000e+00 0.0000000e+00
6.8608437e+07 0.0000000e+00 0.0000000e+00 0.0000000e+00 0.0000000e+00
1.7991981e+07 1.5707963e+00 0.0000000e+00 0.0000000e+00 0.0000000e+00
5.0764379e+03 -2.7146754e-09 0.0000000e+00 0.0000000e+00 0.0000000e+00
7.3856160e+05 1.1534683e+00 0.0000000e+00 0.0000000e+00 0.0000000e+00
1.6760956e+06 0.0000000e+00 0.0000000e+00 0.0000000e+00 0.0000000e+00
1.7991981e+07 -3.1415926e+00 0.0000000e+00 0.0000000e+00 0.0000000e+00
7.6004070e+06 0.0000000e+00 0.0000000e+00 0.0000000e+00 0.0000000e+00
1.0964849e+06 0.0000000e+00 0.0000000e+00 0.0000000e+00 0.0000000e+00
4.3139754e+07 0.0000000e+00 0.0000000e+00 0.0000000e+00 0.0000000e+00
9.6185981e+04 1.2120031e+00 0.0000000e+00 0.0000000e+00 0.0000000e+00
6.5881444e+05 -1.1954852e-01 0.0000000e+00 0.0000000e+00 0.0000000e+00
7.5043070e+05 9.6679269e-11 2.1691521e+00 0.0000000e+00 0.0000000e+00
7.5043070e+05 1.5707963e+00 0.0000000e+00 0.0000000e+00 0.0000000e+00
7.7102806e+07 -2.7211015e-09 0.0000000e+00 0.0000000e+00 0.0000000e+00
5.1755728e+06 0.0000000e+00 0.0000000e+00 0.0000000e+00 0.0000000e+00
5.0429875e+05 1.3362917e+00 1.6179445e-01 0.0000000e+00 0.0000000e+00
1.0423533e+06 0.0000000e+00 0.0000000e+00 0.0000000e+00 0.0000000e+00
8.1718591e+05 1.5707963e+00 0.0000000e+00 0.0000000e+00 0.0000000e+00
4.1743393e+05 2.2233920e+00 0.0000000e+00 0.0000000e+00 0.0000000e+00
2.1842213e+05 0.0000000e+00 0.0000000e+00 0.0000000e+00 0.0000000e+00
1.5489238e+10 0.0000000e+00 0.0000000e+00 0.0000000e+00 0.0000000e+00
1.7236471e+06 0.0000000e+00 0.0000000e+00 0.0000000e+00 0.0000000e+00
4.9406458e+23 0.0000000e+00 0.0000000e+00 0.0000000e+00 0.0000000e+00
1.8439051e+05 1.3047920e-01 0.0000000e+00 0.0000000e+00 0.0000000e+00
7.5043070e+05 1.5707963e+00 0.0000000e+00 0.0000000e+00 0.0000000e+00
7.5043070e+05 -2.2404826e-08 0.0000000e+00 0.0000000e+00 0.0000000e+00
1.4958156e+06 0.0000000e+00 0.0000000e+00 0.0000000e+00 0.0000000e+00
1.4384035e+06 0.0000000e+00 0.0000000e+00 0.0000000e+00 0.0000000e+00
5.3832318e+06 0.0000000e+00 0.0000000e+00 0.0000000e+00 0.0000000e+00
7.8219679e+05 0.0000000e+00 0.0000000e+00 0.0000000e+00 0.0000000e+00
1.8439051e+05 6.0101502e-01 0.0000000e+00 0.0000000e+00 0.0000000e+00
1.0483482e+06 1.1551360e+00 0.0000000e+00 0.0000000e+00 0.0000000e+00
1.2941856e+06 0.0000000e+00 0.0000000e+00 0.0000000e+00 0.0000000e+00
1.2969268e+06 0.0000000e+00 0.0000000e+00 0.0000000e+00 0.0000000e+00
5.0429875e+05 2.1675505e+00 -1.5079927e+00 0.0000000e+00 0.0000000e+00
5.0429875e+05 2.5310530e+00 2.0719921e+00 0.0000000e+00 0.0000000e+00
5.0688982e+05 1.4012558e+00 0.0000000e+00 0.0000000e+00 0.0000000e+00
8.1436501e+06 0.0000000e+00 0.0000000e+00 0.0000000e+00 0.0000000e+00
5.0743217e+03 9.9733443e-01 4.9906042e-01 0.0000000e+00 0.0000000e+00
4.5601746e+10 0.0000000e+00 0.0000000e+00 0.0000000e+00 0.0000000e+00
1.5336907e+06 0.0000000e+00 0.0000000e+00 0.0000000e+00 0.0000000e+00
5.8772569e+06 3.3242102e+00 0.0000000e+00 0.0000000e+00 0.0000000e+00
4.5903522e+06 0.0000000e+00 0.0000000e+00 0.0000000e+00 0.0000000e+00
7.5043070e+05 1.5707963e+00 0.0000000e+00 0.0000000e+00 0.0000000e+00
4.9707080e+05 -9.2704559e-04 1.3344326e+00 0.0000000e+00 0.0000000e+00
5.0753125e+03 9.9899717e-01 0.0000000e+00 0.0000000e+00 0.0000000e+00
1.0952664e+06 1.9163912e-01 0.0000000e+00 0.0000000e+00 0.0000000e+00
4.4110708e+06 3.8102580e-01 0.0000000e+00 0.0000000e+00 0.0000000e+00
5.0429875e+05 1.2026046e+00 -4.1248050e+00 0.0000000e+00 0.0000000e+00
6.9005743e+05 3.9898197e-01 0.0000000e+00 0.0000000e+00 0.0000000e+00
1.1053448e+07 0.0000000e+00 0.0000000e+00 0.0000000e+00 0.0000000e+00
3.3216618e+06 0.0000000e+00 0.0000000e+00 0.0000000e+00 0.0000000e+00
4.9717724e+07 1.9717411e+00 0.0000000e+00 0.0000000e+00 0.0000000e+00
1.3244243e+05 1.1674685e+00 0.0000000e+00 0.0000000e+00 0.0000000e+00
9.6185981e+04 2.1578186e+00 0.0000000e+00 0.0000000e+00 0.0000000e+00
1.9540968e+05 0.0000000e+00 0.0000000e+00 0.0000000e+00 0.0000000e+00
6.9161583e+05 -3.0431231e-01 0.0000000e+00 0.0000000e+00 0.0000000e+00
7.3304376e+05 1.0733666e+00 0.0000000e+00 0.0000000e+00 0.0000000e+00
7.5043070e+05 -2.7442076e-09 0.0000000e+00 0.0000000e+00 0.0000000e+00
1.0689508e+06 0.0000000e+00 0.0000000e+00 0.0000000e+00 0.0000000e+00
1.4374180e+06 0.0000000e+00 0.0000000e+00 0.0000000e+00 0.0000000e+00
1.6487706e+06 1.5511718e+00 0.0000000e+00 0.0000000e+00 0.0000000e+00
4.9936939e+06 0.0000000e+00 0.0000000e+00 0.0000000e+00 0.0000000e+00
3.5474444e+06 0.0000000e+00 0.0000000e+00 0.0000000e+00 0.0000000e+00
2.0008455e+06 0.0000000e+00 0.0000000e+00 0.0000000e+00 0.0000000e+00
5.0429875e+05 8.2233735e-01 1.3980051e+00 0.0000000e+00 0.0000000e+00
2.3851642e+06 0.0000000e+00 0.0000000e+00 0.0000000e+00 0.0000000e+00
9.0431398e+05 2.7406737e+00 0.0000000e+00 0.0000000e+00 0.0000000e+00
4.4783586e+06 2.7715242e-04 0.0000000e+00 0.0000000e+00 0.0000000e+00
2.6213708e+06 2.1703738e+00 0.0000000e+00 0.0000000e+00 0.0000000e+00
1.8367810e+06 0.0000000e+00 0.0000000e+00 0.0000000e+00 0.0000000e+00
2.3287040e+06 0.0000000e+00 0.0000000e+00 0.0000000e+00 0.0000000e+00
1.1709444e+06 1.5707963e+00 0.0000000e+00 0.0000000e+00 0.0000000e+00
5.3288762e+06 0.0000000e+00 0.0000000e+00 0.0000000e+00 0.0000000e+00
1.4840814e+06 0.0000000e+00 0.0000000e+00 0.0000000e+00 0.0000000e+00
2.3547078e+06 0.0000000e+00 0.0000000e+00 0.0000000e+00 0.0000000e+00
8.4372078e+09 0.0000000e+00 0.0000000e+00 0.0000000e+00 0.0000000e+00
1.0108589e+06 0.0000000e+00 0.0000000e+00 0.0000000e+00 0.0000000e+00
8.2258058e+05 2.7039460e+00 0.0000000e+00 0.0000000e+00 0.0000000e+00
5.0429875e+05 1.7755717e+00 2.3577901e+00 0.0000000e+00 0.0000000e+00
1.8439051e+05 2.7684032e+00 0.0000000e+00 0.0000000e+00 0.0000000e+00
9.6185981e+04 4.6343098e-01 0.0000000e+00 0.0000000e+00 0.0000000e+00
1.3753319e+06 1.5707963e+00 0.0000000e+00 0.0000000e+00 0.0000000e+00
2.6186497e+13 0.0000000e+00 0.0000000e+00 0.0000000e+00 0.0000000e+00
7.5043070e+05 -6.9607491e-09 0.0000000e+00 0.0000000e+00 0.0000000e+00
1.1489811e+05 1.6707352e+00 4.9972946e-01 0.0000000e+00 0.0000000e+00
7.7294511e+06 0.0000000e+00 0.0000000e+00 0.0000000e+00 0.0000000e+00
2.0770252e+06 1.5707963e+00 0.0000000e+00 0.0000000e+00 0.0000000e+00
5.9929356e+06 0.0000000e+00 0.0000000e+00 0.0000000e+00 0.0000000e+00
2.8781045e+06 0.0000000e+00 0.0000000e+00 0.0000000e+00 0.0000000e+00
7.5043070e+05 -3.1415927e+00 0.0000000e+00 0.0000000e+00 0.0000000e+00
3.6789611e+06 8.2286561e-01 0.0000000e+00 0.0000000e+00 0.0000000e+00
5.0743217e+03 4.9906044e-01 1.0013329e+00 0.0000000e+00 0.0000000e+00
8.7460032e+06 0.0000000e+00 0.0000000e+00 0.0000000e+00 0.0000000e+00
7.5043070e+05 1.5707963e+00 0.0000000e+00 0.0000000e+00 0.0000000e+00
1.0283972e+06 7.6256309e-02 0.0000000e+00 0.0000000e+00 0.0000000e+00
1.0333649e+06 0.0000000e+00 0.0000000e+00 0.0000000e+00 0.0000000e+00
1.1018489e+06 0.0000000e+00 0.0000000e+00 0.0000000e+00 0.0000000e+00
9.8048867e+05 0.0000000e+00 0.0000000e+00 0.0000000e+00 0.0000000e+00
1.8547981e+08 0.0000000e+00 0.0000000e+00 0.0000000e+00 0.0000000e+00
6.3266974e+07 0.0000000e+00 0.0000000e+00 0.0000000e+00 0.0000000e+00
1.9144909e+07 0.0000000e+00 0.0000000e+00 0.0000000e+00 0.0000000e+00
1.1899778e+05 1.1191557e+00 1.3817947e+00 0.0000000e+00 0.0000000e+00
1.1097674e+06 2.1167925e-01 0.0000000e+00 0.0000000e+00 0.0000000e+00
1.1984117e+08 0.0000000e+00 0.0000000e+00 0.0000000e+00 0.0000000e+00
1.0072846e+06 0.0000000e+00 0.0000000e+00 0.0000000e+00 0.0000000e+00
6.9460550e+09 0.0000000e+00 0.0000000e+00 0.0000000e+00 0.0000000e+00
3.4908594e+06 1.0841975e+00 0.0000000e+00 0.0000000e+00 0.0000000e+00
2.4740584e+06 0.0000000e+00 0.0000000e+00 0.0000000e+00 0.0000000e+00
5.5151928e+05 1.4564443e+00 0.0000000e+00 0.0000000e+00 0.0000000e+00
5.0429875e+05 7.0368787e-01 2.6340606e+00 0.0000000e+00 0.0000000e+00
5.0429875e+05 4.3948930e-01 2.6720965e+00 0.0000000e+00 0.0000000e+00
7.1926220e+05 2.4558780e-01 0.0000000e+00 0.0000000e+00 0.0000000e+00
2.8817379e+06 0.0000000e+00 0.0000000e+00 0.0000000e+00 0.0000000e+00
8.1261740e+05 0.0000000e+00 0.0000000e+00 0.0000000e+00 0.0000000e+00
1.2227682e+07 0.0000000e+00 0.0000000e+00 0.0000000e+00 0.0000000e+00
2.3007602e+05 -9.9589358e-03 0.0000000e+00 0.0000000e+00 0.0000000e+00
9.6186541e+05 0.0000000e+00 0.0000000e+00 0.0000000e+00 0.0000000e+00
5.0429875e+05 1.4289080e+00 1.3584513e+00 0.0000000e+00 0.0000000e+00
8.5326300e+05 0.0000000e+00 0.0000000e+00 0.0000000e+00 0.0000000e+00
2.1588695e+06 0.0000000e+00 0.0000000e+00 0.0000000e+00 0.0000000e+00
6.7983563e+06 0.0000000e+00 0.0000000e+00 0.0000000e+00 0.0000000e+00
5.0429875e+05 1.2181238e+00 -7.2510911e-01 0.0000000e+00 0.0000000e+00
1.7991981e+07 -1.6419260e-08 0.0000000e+00 0.0000000e+00 0.0000000e+00
3.0572314e+24 0.0000000e+00 0.0000000e+00 0.0000000e+00 0.0000000e+00
7.5043070e+05 -3.1315896e-03 0.0000000e+00 0.0000000e+00 0.0000000e+00
7.5043071e+05 1.5707991e+00 -7.4021995e-09 0.0000000e+00 0.0000000e+00
6.2487161e+06 0.0000000e+00 0.0000000e+00 0.0000000e+00 0.0000000e+00
1.3753319e+06 -7.2849292e-09 0.0000000e+00 0.0000000e+00 0.0000000e+00
7.5043070e+05 3.8142094e-10 0.0000000e+00 0.0000000e+00 0.0000000e+00
4.1754399e+07 -3.9701194e+00 0.0000000e+00 0.0000000e+00 0.0000000e+00
3.4948657e+06 0.0000000e+00 0.0000000e+00 0.0000000e+00 0.0000000e+00
7.1926220e+05 -2.4558781e-01 0.0000000e+00 0.0000000e+00 0.0000000e+00
1.1114959e+06 1.3791749e+00 0.0000000e+00 0.0000000e+00 0.0000000e+00
2.0430877e+06 0.0000000e+00 0.0000000e+00 0.0000000e+00 0.0000000e+00
1.4788212e+12 0.0000000e+00 0.0000000e+00 0.0000000e+00 0.0000000e+00
1.0423533e+06 -4.5064878e-09 0.0000000e+00 0.0000000e+00 0.0000000e+00
7.0493169e+05 -1.0998665e-01 0.0000000e+00 0.0000000e+00 0.0000000e+00
8.4360937e+09 0.0000000e+00 0.0000000e+00 0.0000000e+00 0.0000000e+00
7.0493169e+05 3.2518023e+00 0.0000000e+00 0.0000000e+00 0.0000000e+00
1.0442675e+08 0.0000000e+00 0.0000000e+00 0.0000000e+00 0.0000000e+00
2.0770252e+06 -7.1854671e-09 0.0000000e+00 0.0000000e+00 0.0000000e+00
