-9.796376807232969330e-01 -2.955124241437215998e-02
-9.685077717598336022e-01 -5.022435599025475150e-02
-9.657669359254423824e-01 -4.892912802912945808e-02
-9.599878951358782331e-01 -6.488149782555852063e-02
-9.532951739188264551e-01 -7.502378133620368761e-02
-9.414773163115168764e-01 -9.962547459167539476e-02
-9.356486011118227974e-01 -9.972824255090032008e-02
-9.315259278047445246e-01 -1.215766706085836812e-01
-9.234628215254534478e-01 -1.180281884622650934e-01
-9.226451609836063827e-01 -1.088473769290167759e-01
-9.193149008170737879e-01 -1.413795312059612508e-01
-9.189117286384347327e-01 -1.266862297254181535e-01
-9.120138601478053886e-01 -1.388745762798757610e-01
-9.112869347921526142e-01 -1.547111091621825307e-01
-9.037947319442707350e-01 -1.528753065480419615e-01
-9.031654322538809065e-01 -1.450396532085598822e-01
-8.887273288312436126e-01 -1.632118302715388491e-01
-8.845123215153771756e-01 -1.854150916887811196e-01
-8.768754294637015612e-01 -1.807458126713183399e-01
-8.751248847431587485e-01 -1.802956864932793724e-01
-8.697166831943625720e-01 -1.804948742682630503e-01
-8.410332068128292260e-01 -2.115280385936071095e-01
-8.380141428881999754e-01 -2.199636686542899844e-01
-8.249563580367600402e-01 -2.083804020658548417e-01
-8.147504807775500790e-01 -2.360864107760584363e-01
-8.115547788630632642e-01 -2.323564969628917898e-01
-8.033257499109645039e-01 -2.192287736523423625e-01
-7.947935787925117790e-01 -2.254479625534686615e-01
-7.912044982659258707e-01 -2.278050761497384946e-01
-7.864464192123261643e-01 -2.384446060021956082e-01
-7.832415063069619876e-01 -2.199311145132859524e-01
-7.721560371056013228e-01 -2.231370360314237911e-01
-7.661200471423714742e-01 -2.074762358255880512e-01
-7.457301933760620560e-01 -2.160487839302080437e-01
-7.434977103934119480e-01 -2.378587753468943411e-01
-7.350357617934766274e-01 -2.183962313999915084e-01
-7.312245226964242395e-01 -2.188034963117340137e-01
-7.276327339851933473e-01 -2.178373216643268162e-01
-7.247952180261014732e-01 -2.168729262152793991e-01
-7.004295400574238606e-01 -1.982333612831644887e-01
-6.948330653752399222e-01 -2.040620934369779538e-01
-6.943598871100646885e-01 -2.129348004886918722e-01
-6.909355948990387741e-01 -1.887443835400691161e-01
-6.877754857400131261e-01 -1.788990821516984742e-01
-6.779614391811763507e-01 -1.779185527156564584e-01
-6.750308130514512950e-01 -1.772556015834084731e-01
-6.744436677529797031e-01 -1.882861580284138636e-01
-6.714067561929264460e-01 -1.680117545908284826e-01
-6.613220938856496645e-01 -1.897179166813741380e-01
-6.575823894605410391e-01 -1.428774716620443419e-01
-6.556325129753344250e-01 -1.691191221059609451e-01
-6.551724590283001248e-01 -1.549514234595676110e-01
-6.524767267500977130e-01 -1.650898360134821219e-01
-6.448602981843112314e-01 -1.515889678823226505e-01
-6.213190574767506469e-01 -1.324289005846889522e-01
-6.188345748031514049e-01 -1.477947763000524717e-01
-6.120739239594665815e-01 -1.120702078059473555e-01
-6.087796139931342942e-01 -1.269189835851758652e-01
-6.055915165975214176e-01 -1.243433816205527509e-01
-5.862192497472145103e-01 -9.594690030141930781e-02
-5.809854574206634314e-01 -8.800744796626919220e-02
-5.715754792995964007e-01 -7.073022736390204013e-02
-5.667829808989859330e-01 -7.481066661524862771e-02
-5.583592816525120295e-01 -3.098157269616068007e-02
-5.575510500622606891e-01 -7.586147184584407510e-02
-5.496440416714323263e-01 -5.413727530974197372e-02
-5.442831987800964555e-01 -3.958647100880428871e-02
-5.426678696930991030e-01 -3.133143084325082373e-02
-5.279717398374934589e-01 -2.087844162015705871e-02
-5.214119709963525029e-01 -1.180606614687488946e-02
-5.058734387254184561e-01 -1.311152913661360435e-02
-5.025147995220322628e-01 4.068752450231570041e-03
-4.964684746343623889e-01 1.742308328051309085e-02
-4.891443478539665435e-01 1.533834297053084106e-02
-4.863877490226395928e-01 3.841589606893408559e-02
-4.717570700873103817e-01 2.433954614066202379e-02
-4.606623543325873982e-01 3.023029684456205249e-02
-4.584393371044739318e-01 1.685909059566702978e-02
-4.350210432432202179e-01 4.704416979300236890e-02
-4.194606278642001307e-01 6.655901446039245994e-02
-4.180072652192710070e-01 7.150005505424170127e-02
-4.016760064007323106e-01 8.493992460275040512e-02
-3.663057484991796287e-01 8.421950530955762959e-02
-3.628438043532913326e-01 7.645317412360307097e-02
-3.587286324210987587e-01 6.917826287132014529e-02
-3.495778604420922697e-01 8.303321462536547570e-02
-3.367200078105625494e-01 7.526094871580311929e-02
-3.339501029213545191e-01 8.440140476346982834e-02
-3.311666630425618152e-01 7.166708827561615869e-02
-3.233596607554909408e-01 8.304387051980335888e-02
-3.208261578983175877e-01 8.002583494014599286e-02
-3.199761724822052233e-01 9.790927840141472327e-02
-3.141167316546131794e-01 7.401594373446282460e-02
-3.010996457694865569e-01 6.744562323781344571e-02
-2.973987854563666655e-01 9.379242627861048009e-02
-2.946982684095984517e-01 1.012649906463625876e-01
-2.883724101827349617e-01 9.238913382435506860e-02
-2.863934797567531110e-01 8.214089143313499375e-02
-2.852787834257239918e-01 7.418443148988376756e-02
-2.851880882672919171e-01 8.120285995694097314e-02
-2.811360442846506658e-01 7.845247303541995343e-02
-2.797581566189681901e-01 6.945065331677016673e-02
-2.797291273295126057e-01 8.260219621259476397e-02
-2.748763101631086503e-01 9.541532257961114760e-02
-2.719430024236098031e-01 9.006886986000307849e-02
-2.545953909407054905e-01 8.017360643490330230e-02
-2.419502755899749502e-01 7.187324510350910634e-02
-2.133162320941599521e-01 5.168969179534969177e-02
-1.980143755102790060e-01 6.807861304338697073e-02
-1.977301478950290736e-01 4.057528827044643016e-02
-1.786116297697053490e-01 2.505761328186003126e-02
-1.781663976227241264e-01 4.742008964844385971e-02
-1.737624422224279819e-01 4.167536067787303705e-02
-1.720276401318381332e-01 4.169612439157996397e-02
-1.634018481100796283e-01 4.979957099612231097e-02
-1.543969360218968578e-01 4.405454914020023177e-02
-1.525239708061603139e-01 4.463808944107142823e-02
-1.481663751318531563e-01 4.747691426994316011e-02
-1.424315002782157169e-01 1.959117865626425897e-02
-1.367514692667664011e-01 5.002501191858359231e-02
-1.363825543700833975e-01 2.167533334782691459e-02
-1.351828973397699585e-01 3.380649625251540974e-02
-1.262388593230727718e-01 4.729446396248294243e-02
-1.191375829782599371e-01 4.197704101361597606e-02
-1.166952910375529395e-01 3.874675005333745592e-02
-1.114984126691671573e-01 2.132879097366887841e-02
-1.094154403415712462e-01 5.024159846670112756e-03
-1.088100005642469448e-01 9.031109085324763586e-03
-1.067203173570130392e-01 1.646315751223434085e-02
-1.026722360665386358e-01 1.110642507147162339e-02
-9.349628937643084114e-02 7.768609312985878639e-03
-8.510963163362728068e-02 1.045655694463742784e-02
-8.499407281796234059e-02 6.048522201674740029e-03
-7.661289793641845591e-02 5.048661841385794664e-03
-6.798926772112001693e-02 9.453148668751380421e-03
-6.306121002972076006e-02 -3.435725103879619900e-03
-3.859296728455685610e-02 1.056289833162697700e-02
-2.936748262604882420e-02 1.187338337396451685e-02
-2.775412562098944491e-02 -3.516896340767444902e-03
-2.760276672967543199e-02 1.535688069156680062e-03
-2.684619692703016369e-02 1.780660081730239819e-02
-1.363885490622296359e-02 9.030822889117882599e-03
-1.133272521183004145e-02 1.776330472199940183e-02
-5.173591651977726968e-03 8.405312024536898408e-03
8.134818086198425391e-04 1.117873003115902805e-02
3.296843651636738315e-03 -6.110989358479247853e-03
8.375089278662928294e-03 -1.893949966808584060e-04
2.993088065842197665e-02 -6.593245791548432017e-03
3.212468967095238881e-02 2.841047785898376081e-03
3.583970716045925542e-02 8.291871930856545628e-03
4.572162932297918481e-02 6.433822531518631690e-03
4.987713842921892571e-02 -1.161401534193348163e-02
5.321873925668474392e-02 -3.319548575177890849e-03
5.890444558378660211e-02 -6.373732487254796415e-03
6.548842726594861219e-02 1.124130200252664719e-02
8.043150334384963074e-02 7.427582904541152331e-03
8.261076167933634196e-02 1.521735509007320075e-02
8.344610028300314397e-02 -9.921998611615577210e-03
8.910699035329661122e-02 1.526745428303694606e-02
8.935788286415458082e-02 3.211174324170139316e-03
1.001139385595817277e-01 2.540159746149465644e-02
1.004481023437242548e-01 2.614239702061908061e-02
1.020009360195062165e-01 2.431858469897290112e-02
1.195095119677431761e-01 3.467068836508709756e-02
1.215251780309327678e-01 3.399130228064915077e-02
1.253366115871206166e-01 2.103797220309495952e-02
1.274773878809625227e-01 1.179726100608264466e-02
1.308720581699938101e-01 3.651025837666544566e-02
1.314993820642997857e-01 3.249874702313815256e-02
1.340636136735515738e-01 5.337280895795035174e-03
1.425994033068203048e-01 1.482415332727571311e-02
1.480333878919501966e-01 2.157923714320845315e-02
1.564339121398097276e-01 3.819590853884918813e-02
1.614832449424610239e-01 2.597595058920996319e-02
1.630338283694556800e-01 4.888735481018162410e-02
1.670376357004068613e-01 3.793032459871019391e-02
1.763225278111553163e-01 6.408571587797587399e-02
1.777610991554074982e-01 5.255295103535172901e-02
1.816664504498630706e-01 4.813935970919299562e-02
1.819961794230382512e-01 5.426176937807176970e-02
1.843382797591635036e-01 4.054801844829426100e-02
1.892303137476372132e-01 6.835118805273422693e-02
2.098976679949393631e-01 7.236444382869974823e-02
2.114731427309017864e-01 6.426424748476225468e-02
2.147732800419979160e-01 8.381059463863349546e-02
2.235815616396386041e-01 5.027277316475674274e-02
2.268342896037940370e-01 7.610308420651246131e-02
2.275593413831189515e-01 8.063952189001975801e-02
2.341885448852789597e-01 7.529255327998614356e-02
2.439095640580632995e-01 7.143331313461775967e-02
2.495050126604361207e-01 5.252800700784167331e-02
2.515792266776875064e-01 8.723036475403636580e-02
2.535111342200575546e-01 7.141129212965598161e-02
2.573316339067766023e-01 7.634414675775956505e-02
2.737302298583379478e-01 9.189762556253201764e-02
2.868905005839323952e-01 9.448387449254162795e-02
2.885590655597323195e-01 7.151514643920020564e-02
2.933147598749372698e-01 7.405391183687839995e-02
2.997320010128088352e-01 7.789534450356848383e-02
3.037224997721779118e-01 9.344155615201558962e-02
3.265981090370135842e-01 9.854791687724169524e-02
3.309713520822767929e-01 9.216062941490865690e-02
3.348422001898587741e-01 8.173984401315249892e-02
3.354071919895935672e-01 8.492085566661058960e-02
3.357207981316634449e-01 1.014805748501090010e-01
3.399027605329538737e-01 7.395177822008641710e-02
3.419117160435620750e-01 9.439019063607879956e-02
3.647005323028695845e-01 8.104543709255032646e-02
3.717239449171025889e-01 8.576717617856706444e-02
3.722150848458944949e-01 8.059966852158333139e-02
3.758993073624419257e-01 9.046694888240981725e-02
3.823945253656135801e-01 8.301427994738747040e-02
3.848769961547182650e-01 7.718754518388318275e-02
3.916606892578455845e-01 9.849099822859794240e-02
3.981268493407377207e-01 8.489175103335798445e-02
4.010693911036984360e-01 7.301022408464190316e-02
4.053807601653436343e-01 7.652050958551420701e-02
4.272681841443075612e-01 5.782873526281812060e-02
4.289444409109859357e-01 4.807070675184527825e-02
4.343900115490613167e-01 3.353919798468683877e-02
4.549655573596707026e-01 6.048249396499164043e-02
4.583084669722012894e-01 3.084574191021398001e-02
4.595527364818488003e-01 4.104494034562153337e-02
4.619811655080237056e-01 4.649994184085515930e-02
4.743587800490804973e-01 1.806990381260229622e-02
4.763983360898125241e-01 1.810586360261472183e-02
4.862421476390608177e-01 1.822004902331050141e-02
4.877424843960360690e-01 1.698142299222175217e-02
4.928428076459392404e-01 7.006686461770436809e-03
4.996619307327692106e-01 -1.112321020973141943e-02
5.114179195533745670e-01 2.972436596036029735e-03
5.181491416531085470e-01 -9.421900004193994524e-03
5.212828420822694930e-01 -1.887872214774069524e-02
5.353653316201227863e-01 -2.667415525698697137e-02
5.441413898385878412e-01 -7.985070171120361993e-02
5.462160264928661579e-01 -4.623014389124323331e-02
5.536182586669500250e-01 -5.948300071546688828e-02
5.555524061310288531e-01 -7.824273337605791578e-02
5.589349376419363580e-01 -5.477816940679700042e-02
5.631988217651540118e-01 -7.600656739641079018e-02
5.677166116543728158e-01 -5.495093891093547067e-02
5.741122076596196777e-01 -7.887154892606453027e-02
5.888348370503624363e-01 -8.633590141886408886e-02
6.056140812821380059e-01 -1.181793070813594443e-01
6.083739808150960826e-01 -1.059821976956362433e-01
6.095956468882768320e-01 -1.008545981969111854e-01
6.117204188461384806e-01 -1.355572070125903861e-01
6.129605842319771902e-01 -1.131324415518261128e-01
6.350493879737479919e-01 -1.608023962634756443e-01
6.355774563714748915e-01 -1.447245039464109262e-01
6.426421099931802772e-01 -1.477558349785695890e-01
6.466956619733008615e-01 -1.663909382163371309e-01
6.522386832597848461e-01 -1.634902429080959396e-01
6.563716389167038034e-01 -1.475884799205247344e-01
6.584547840007570763e-01 -1.560473187740298584e-01
6.690209138711689096e-01 -1.640723979745105365e-01
6.724309201700604532e-01 -1.605721679914348943e-01
6.753291563241827777e-01 -1.841271483684748522e-01
6.857289491381552970e-01 -1.783156805917525123e-01
6.954421470141396444e-01 -2.030238897172632895e-01
6.981592025581080385e-01 -1.849076836688647585e-01
6.982240297347623859e-01 -2.107084262075276104e-01
7.013727677623573520e-01 -2.096641175908708910e-01
7.093873006032216377e-01 -1.869810308301647350e-01
7.120300056953763335e-01 -2.009599923201233207e-01
7.160291076823754874e-01 -2.063662465445542105e-01
7.175834461251098251e-01 -2.127790443326348924e-01
7.212769859532519590e-01 -2.169973820103525686e-01
7.450936343202234635e-01 -2.242309153850619019e-01
7.474192538712687295e-01 -2.251553516780655795e-01
7.558641546630968655e-01 -2.192122759260945186e-01
7.678308373214222105e-01 -2.104677114063013832e-01
7.877992844162751140e-01 -2.388081922454264316e-01
7.896350219682521931e-01 -2.276385536526450704e-01
7.911523612582580522e-01 -2.206625193580244171e-01
7.957199499108147389e-01 -2.319275413921850215e-01
8.004882416268435108e-01 -2.192482537300395051e-01
8.059535149008856258e-01 -2.419206561977889358e-01
8.174197631927522245e-01 -1.986134401998334575e-01
8.360607351988842417e-01 -2.113596734220712925e-01
8.445868905992750530e-01 -2.104116435855206690e-01
8.513305900412502236e-01 -2.130895059836125927e-01
8.707595428069905275e-01 -1.924443090341016738e-01
8.733806466306908156e-01 -1.791216178222090338e-01
8.854195839815575120e-01 -1.492344308878926218e-01
9.057015749436720942e-01 -1.658038469941109372e-01
9.070721337152107822e-01 -1.510709896897184101e-01
9.173930063370492327e-01 -1.486827975181337080e-01
9.177198030111006766e-01 -1.491949213631952598e-01
9.200233605305534468e-01 -1.319579125456769031e-01
9.229167739886765531e-01 -1.343446151034016212e-01
9.268848688915567458e-01 -1.196741332361200422e-01
9.341293153205521005e-01 -1.051798839125328566e-01
9.379677349827721944e-01 -1.204729033799175481e-01
9.466830503814980258e-01 -9.912886489139283164e-02
9.546830026059980323e-01 -8.344772019999391333e-02
9.668848691801534834e-01 -8.342745291642664207e-02
9.875830851022306955e-01 -2.588343453662440147e-02
9.876895263066876041e-01 -3.671435899651759316e-02
9.997801290919976491e-01 -2.819800483898550047e-03
