2.243863523329225895e-01 1.352603838380534107e+00
3.915995899654411971e-01 1.361244108176101753e+00
4.487496845959781933e-01 1.395495396389652587e+00
4.840897178769065778e-01 1.404165362218439350e+00
5.544433024443906621e-01 1.419556078135183697e+00
6.465573571293237176e-01 1.390504926664597241e+00
7.063650288879952388e-01 1.416492466769792680e+00
7.559295295738344134e-01 1.377138466511680592e+00
7.701717894997961444e-01 1.411762469516323337e+00
8.675286986959018787e-01 1.436887212931645896e+00
1.166929180288089896e+00 1.473066074282364912e+00
1.323277843995018799e+00 1.456189990538504953e+00
1.476245586701468993e+00 1.452633840768961182e+00
1.551793550453917092e+00 1.431018393548826761e+00
2.193052275397860740e+00 1.497539440234899377e+00
2.448047077854520470e+00 1.517296519890951600e+00
3.142795773258416858e+00 1.552758554193887974e+00
3.194210640318029260e+00 1.537690019205903758e+00
3.304314698297933006e+00 1.515295603730362872e+00
3.360970536126939301e+00 1.550502588825642958e+00
3.405224605583911934e+00 1.577060922683739763e+00
3.546159589524056077e+00 1.539034823988480793e+00
3.732785805259697387e+00 1.533515754683760335e+00
3.786753544571064278e+00 1.545723378296255834e+00
4.311567662633430942e+00 1.569646229073666133e+00
4.467212437803125269e+00 1.563251251639881989e+00
4.535008598583056383e+00 1.592377967189865684e+00
4.923937956724444120e+00 1.597943175107922720e+00
5.114572732712091785e+00 1.586647036335707694e+00
5.246955037908756836e+00 1.597344973723553219e+00
5.267328631900086933e+00 1.564507061378533459e+00
5.549278046949440935e+00 1.613305716551040936e+00
5.591126918102112597e+00 1.576735748442191998e+00
5.594068043580923799e+00 1.601373300673035072e+00
5.616727891950857199e+00 1.597948072750918991e+00
5.815995706716953428e+00 1.623775222277682673e+00
5.870980808525088968e+00 1.605222547341794925e+00
6.304914542987793524e+00 1.625391822100950456e+00
6.549579792788994936e+00 1.665584448413266028e+00
6.586452557735533730e+00 1.599113666018240565e+00
6.766277869710524584e+00 1.640644564781064352e+00
7.071498204051857250e+00 1.664707915646995717e+00
7.135996700598684406e+00 1.633465445386649062e+00
7.215600061344179750e+00 1.649664483665600256e+00
7.322421473647428236e+00 1.621837413230996283e+00
7.479225962057739707e+00 1.620141383995909345e+00
7.599019055955746893e+00 1.674244825070368314e+00
7.876870584396661101e+00 1.657659442585851073e+00
7.921185651325629351e+00 1.637007493333218600e+00
7.974942283472263860e+00 1.656707320164058750e+00
7.979761131550660913e+00 1.680524572916866299e+00
8.341327072852756430e+00 1.687581888665973029e+00
8.420742840314037636e+00 1.700285477520902644e+00
8.643235741366051883e+00 1.671106606320008625e+00
8.838461867690112328e+00 1.672683779818003202e+00
9.074078939623369422e+00 1.698879444467330524e+00
9.094583140592838788e+00 1.714040907329992036e+00
9.191282522113192854e+00 1.685884301264465979e+00
9.232775876981236252e+00 1.716086561363358687e+00
9.321584518365277461e+00 1.689571888803913735e+00
9.547942966014055344e+00 1.746510167169900596e+00
9.600940737388446777e+00 1.664986015953654253e+00
9.851150860160974077e+00 1.741783538371678430e+00
9.876383084347327923e+00 1.675610405237393463e+00
9.997424020924555066e+00 1.737946670635659219e+00
1.021362170259501667e+01 1.717351018463887602e+00
1.044586689273930880e+01 1.710189648842294075e+00
1.048869721456690485e+01 1.701033082560355902e+00
1.061461893170823068e+01 1.703127179202562846e+00
1.074366099701998856e+01 1.741102942898614891e+00
1.091391409580498895e+01 1.739595213685882769e+00
1.094520272582754039e+01 1.725941140820734576e+00
1.135642699530605171e+01 1.737506159975610975e+00
1.141445215867399909e+01 1.720044945627692279e+00
1.161405387024328562e+01 1.740116375166561813e+00
1.166841616571554496e+01 1.763551776347109801e+00
1.168309456253319745e+01 1.724384687927785320e+00
1.202974412790304726e+01 1.762353326643937956e+00
1.205205049695975461e+01 1.741159363435571317e+00
1.248615104847558044e+01 1.725766054989575027e+00
1.251356084052448381e+01 1.783220130616343768e+00
1.273133261627076784e+01 1.733633133470932730e+00
1.346377141640206432e+01 1.766785337149940016e+00
1.348931424561697412e+01 1.800979503065035070e+00
1.355270544857565262e+01 1.761267399670800593e+00
1.374978011527002231e+01 1.802780377962046154e+00
1.382595366464536824e+01 1.773517745453165650e+00
1.385921296220998755e+01 1.781905049828798715e+00
1.393479407589410179e+01 1.826731740326271947e+00
1.401519684964914703e+01 1.811660944782084171e+00
1.448483333339094514e+01 1.796661928173372669e+00
1.453730684170445109e+01 1.781277233851657593e+00
1.509741239897405762e+01 1.805711414319762120e+00
1.532820053119467474e+01 1.845249131575930290e+00
1.552810172071169070e+01 1.860048217614926225e+00
1.575782858941846065e+01 1.802416591080343355e+00
1.607682630407490265e+01 1.853012900540512709e+00
1.624304386855109428e+01 1.789230475887684690e+00
1.651542380275508037e+01 1.841246766374590393e+00
1.658112573750345931e+01 1.837593207034450726e+00
1.679153869888005346e+01 1.855606021610112011e+00
1.683946041346710487e+01 1.815158135190573230e+00
1.691469143835554334e+01 1.837868793015411617e+00
1.700113666631849085e+01 1.795072504992781592e+00
1.848631276307546401e+01 1.845086063571262702e+00
1.876972159396793671e+01 1.862838486189620113e+00
1.891715449925357007e+01 1.869698407103972615e+00
1.899492113295313089e+01 1.927990136699594403e+00
1.916605947512780617e+01 1.857923686544264097e+00
1.982655624148890894e+01 1.879309891842050328e+00
2.012032884062299232e+01 1.857785831007306321e+00
2.046095381585259076e+01 1.846548186627503085e+00
2.047230620606468321e+01 1.907961515306578759e+00
2.055383270883520197e+01 1.909287663428443249e+00
2.067188835635331401e+01 1.860809906743395636e+00
2.088391080463803462e+01 1.856919215943094725e+00
2.126100063112224703e+01 1.885439356767897756e+00
2.149457878862029858e+01 1.939375200471811667e+00
2.149521384874824648e+01 1.869986644132999754e+00
2.160148706326482326e+01 1.919202225899783620e+00
2.188959601603997385e+01 1.911112851249241684e+00
2.189358793371005873e+01 1.901639165189649372e+00
2.208801951829723009e+01 1.897674482078121283e+00
2.210324980346595325e+01 1.916571560331876256e+00
2.210523304822406132e+01 1.904374739490293011e+00
2.213194016321568114e+01 1.902796752171002970e+00
2.226078505109744299e+01 1.908792565495322835e+00
2.278863071492543568e+01 1.945036686651333335e+00
2.286527762500502448e+01 1.926310882683813119e+00
2.292014835992729971e+01 1.923891480811533272e+00
2.293102125208817554e+01 1.952932124050190010e+00
2.294491992262335955e+01 1.916813238484583071e+00
2.320559522387208773e+01 1.957753482341753282e+00
2.347783715588036557e+01 1.915036744477524921e+00
2.350201186854024016e+01 1.941907903034007399e+00
2.375951378469351383e+01 1.926561900232949043e+00
2.377108111260050549e+01 1.932316177973390836e+00
2.381686571183905343e+01 1.920284884604685605e+00
2.385107573825103344e+01 1.928391331471282832e+00
2.406369898245409189e+01 1.922302537273735012e+00
2.444683957483021430e+01 1.951629358960148553e+00
2.459895809974423386e+01 1.926624717336862691e+00
2.475643058375090533e+01 1.958627359295277648e+00
2.476309839937768231e+01 1.998536333929681330e+00
2.482465031667820909e+01 1.913513527124989677e+00
2.495174760949283055e+01 1.897197938048153398e+00
2.505977127178623576e+01 1.929041340196880228e+00
2.506362151809425498e+01 1.967175263333671653e+00
2.508729197845228498e+01 1.935491942094613060e+00
2.510756875273346012e+01 1.964098508527692299e+00
2.512701974760043910e+01 1.972527153227115804e+00
2.516797496752696972e+01 1.946657590749409472e+00
2.520279288579140697e+01 1.972091336770735115e+00
2.524751481585045809e+01 1.903292393461524901e+00
2.533479936030411750e+01 1.972693347356728966e+00
2.583977064027731529e+01 1.978407414486117233e+00
2.590077904596988034e+01 1.959419491917790301e+00
2.597101272405647521e+01 1.984575563329735060e+00
2.605972272887656516e+01 1.995327195569981837e+00
2.639137985221303850e+01 2.010355153426400143e+00
2.646277880806692906e+01 2.011443319316716938e+00
2.725852583722768685e+01 1.979947352550429196e+00
2.727501891657353639e+01 1.975825328138972603e+00
2.753274849797249146e+01 1.980413721753517597e+00
2.802135626674926883e+01 1.929332588106264845e+00
2.803170714858822521e+01 2.003640577130371803e+00
2.816157612404874300e+01 2.041551011796947090e+00
2.837361210408416312e+01 2.004914955849098401e+00
2.839115469577211570e+01 1.961418331678481231e+00
2.843949154114003974e+01 1.971394862441951945e+00
2.858444612342449531e+01 1.974396966619523131e+00
2.920498950595049692e+01 2.038987958183836380e+00
2.920531418990609396e+01 2.013595318624938901e+00
2.923205543202175249e+01 2.016902348807466883e+00
2.948459413089146253e+01 2.013672175182112056e+00
2.953299847607776130e+01 1.982028710635121538e+00
2.953893853952336812e+01 1.985785390055125887e+00
2.968598941163362781e+01 2.023275805109661096e+00
2.973481250709180301e+01 2.010781484693626275e+00
3.020427844758907199e+01 1.973590835213546946e+00
3.028489959102250850e+01 2.032700884675183506e+00
3.050586799344544175e+01 2.049178298427059453e+00
3.070927856016687940e+01 2.020547978602547534e+00
3.092333675928829351e+01 2.015964224798497906e+00
3.093237117664782687e+01 2.053059825798382754e+00
3.099391669113955672e+01 2.019433252305369741e+00
3.109932014512089182e+01 2.011467009989764687e+00
3.118317950707219666e+01 1.992105547228977480e+00
3.119540430091491956e+01 2.015283151817098606e+00
3.152295598646124830e+01 2.070953420384101573e+00
3.163918238633635482e+01 2.056831051490439766e+00
3.177603942783805380e+01 2.035438530784782429e+00
3.194560851421616121e+01 2.034636605194901193e+00
3.202957807061599027e+01 2.057497818740964934e+00
3.221504823726407096e+01 2.040108028492253034e+00
3.222380531830319228e+01 2.010158795393837128e+00
3.224692679181610799e+01 2.041396591524161863e+00
3.232069584391750539e+01 2.042927140352987170e+00
3.245255064876541695e+01 2.040856654566263639e+00
3.253554150059497374e+01 2.047181726407928171e+00
3.261193078872985041e+01 2.027148880848328449e+00
3.285763938471612278e+01 2.048591374660587938e+00
3.306928020159054427e+01 2.012312752413357497e+00
3.322484597953945951e+01 2.029083808677985434e+00
3.325426127585156166e+01 2.044301043154431508e+00
3.366371155239615121e+01 2.067518415555638089e+00
3.405914333358040125e+01 2.052142992455697090e+00
3.408464483185025529e+01 2.068648832339980093e+00
3.427242813452505033e+01 2.083548202502493840e+00
3.429820600130491925e+01 2.114573405358758151e+00
3.432783915501394745e+01 2.055221879422330478e+00
3.469482337849613884e+01 2.051571271994199641e+00
3.511507620935406493e+01 2.071202439814293861e+00
3.520470832117506887e+01 2.075700576345801185e+00
3.544776298368949341e+01 2.086006219034352238e+00
3.570305243684686758e+01 2.094648407561258363e+00
3.608918431279396799e+01 2.074754376296711555e+00
3.618224956106858770e+01 2.097960702042910519e+00
3.636206083677228662e+01 2.085715347723521962e+00
3.692682127423560701e+01 2.116972626432807481e+00
3.712256103550895858e+01 2.085935280443867779e+00
3.717198070466291426e+01 2.095679675180154078e+00
3.742328730090840594e+01 2.101213732679696911e+00
3.762167848697179551e+01 2.122284406039237847e+00
3.776827335754183679e+01 2.098836411250317724e+00
3.832754729022721563e+01 2.082020239411576323e+00
3.835735855538793260e+01 2.067838167299247853e+00
3.842826993872297692e+01 2.128619916319951955e+00
3.848724422936992084e+01 2.120577898598502653e+00
3.856257029088253319e+01 2.143838291787678596e+00
3.860332268033601366e+01 2.109744225930041850e+00
3.887870830008892398e+01 2.112491018194320169e+00
3.914392537489480617e+01 2.117291523938770403e+00
3.928255231868563158e+01 2.102995245408555647e+00
3.933030977162208330e+01 2.099800536100326465e+00
3.935942657379244736e+01 2.125224657880598222e+00
3.944977412131242289e+01 2.142490219720172284e+00
3.971017355767700252e+01 2.132488793818549944e+00
4.006135290620912315e+01 2.112243003273675868e+00
4.022376691171676555e+01 2.133828812925458340e+00
4.026759170752102079e+01 2.128819052408498891e+00
4.032566333989959162e+01 2.113141525326930115e+00
4.054159855108989063e+01 2.100850789861745227e+00
4.074954837243413408e+01 2.111590724000408592e+00
4.086871922469562435e+01 2.157366867653766729e+00
4.151551040215652222e+01 2.143201203968249313e+00
4.154537664716847445e+01 2.124526559231833200e+00
4.160340821107246967e+01 2.140193200455052125e+00
4.166360505879050891e+01 2.152551087715915301e+00
4.170056360736576551e+01 2.127607203317578577e+00
4.234283769668125075e+01 2.129101469460387808e+00
4.246615344995474572e+01 2.108087073880639650e+00
4.273093279970115788e+01 2.173738203077353326e+00
4.290892916488552089e+01 2.164495070775849239e+00
4.295729418506262220e+01 2.166766704531158272e+00
4.311268290553319105e+01 2.165942601697723013e+00
4.331927781357154572e+01 2.111029373886522453e+00
4.363503235608961717e+01 2.161149452499993906e+00
4.370031608331251505e+01 2.169277774688202598e+00
4.389766400954637504e+01 2.162874814512558252e+00
4.410141867941897686e+01 2.111598543326396182e+00
4.424898002963122678e+01 2.162013688966441194e+00
4.458774198013061607e+01 2.162403713604371891e+00
4.461063484175563332e+01 2.191105368437502587e+00
4.464175577032374065e+01 2.166302379129610767e+00
4.489053504004697714e+01 2.159563859115073647e+00
4.511800547751408175e+01 2.161754971651881796e+00
4.527140718825057064e+01 2.190591307000344656e+00
4.537404152157724013e+01 2.190475003315978331e+00
4.538458902942144846e+01 2.171078805882894702e+00
4.544971872290449966e+01 2.167639902352156422e+00
4.555458049322599123e+01 2.126792332178077505e+00
4.563432406552313836e+01 2.133285584607623075e+00
4.566480899164530882e+01 2.160109038559106853e+00
4.590501799089759771e+01 2.177627557265999769e+00
4.590701808483562729e+01 2.163414229982852266e+00
4.598894500277586417e+01 2.148293737175940965e+00
4.621992824385605303e+01 2.182998031385458226e+00
4.661169325011258735e+01 2.187066258669055685e+00
4.663715807651958301e+01 2.216584654469899274e+00
4.703725620926199724e+01 2.183698325489266345e+00
4.716088040876610421e+01 2.187597747558860384e+00
4.751438938672688295e+01 2.180326699682024305e+00
4.758559751898074808e+01 2.254041533529398400e+00
4.762632758707540148e+01 2.211334528663742471e+00
4.767437772834745147e+01 2.179386744416979216e+00
4.777411742553479712e+01 2.155215052112210650e+00
4.788132022868705207e+01 2.171204739771610548e+00
4.827088704889573023e+01 2.182985927249510016e+00
4.832526545223309711e+01 2.173760043193858849e+00
4.836291427009884103e+01 2.201454098892111855e+00
4.837313941461329847e+01 2.181794109734480624e+00
4.847130552245590707e+01 2.169775475695124189e+00
4.881525758702181861e+01 2.222306479393880263e+00
4.914023615487066365e+01 2.177405966165120610e+00
4.916665421989108609e+01 2.155386640675121868e+00
4.917058512189070996e+01 2.232192458037144167e+00
4.928052742791956575e+01 2.251980957477641265e+00
4.942540518616844025e+01 2.214828935251793141e+00
4.965288310402987548e+01 2.231141366873238052e+00
