6.239407539724295404e-02 9.648961303594733252e+00
1.365378319395538220e-01 1.659057073046610142e+01
1.755561026655583223e-01 1.771092064586436621e+01
2.820471535054880352e-01 3.429814490695512319e+01
3.837121710617397152e-01 3.829011581892434890e+01
5.446323949772402528e-01 5.685569296182673327e+01
5.499175238381670550e-01 5.494998475940834481e+01
8.192645228277561920e-01 7.460064488475018152e+01
8.524274188301761424e-01 7.825732210900568475e+01
1.113619947971733470e+00 1.015740189094748871e+02
1.186430567095697608e+00 1.007875855365042099e+02
1.219618983934744882e+00 1.092764617574752037e+02
1.256624012537904678e+00 1.068492580096479401e+02
1.372922991768288359e+00 1.120785138932937031e+02
1.396030578570972569e+00 1.107789511245743626e+02
1.769668020618403448e+00 1.349438063637839491e+02
1.774505910795848296e+00 1.335499978639806500e+02
1.900064802127826580e+00 1.379536791066882131e+02
2.049682497095839384e+00 1.445052893615956862e+02
2.165267486886884640e+00 1.480172194305507389e+02
2.194303408643310860e+00 1.453711147603696361e+02
2.448855945118355582e+00 1.600683744349713606e+02
3.227560552409192152e+00 1.836042391880707214e+02
3.303686542334344445e+00 1.845516982534794295e+02
3.327987118221370721e+00 1.795692015050885857e+02
4.375829165595779280e+00 1.934414392227870678e+02
4.601663160330765834e+00 1.968648968621495499e+02
4.760812925715063315e+00 1.958879585636016145e+02
4.795017875970486898e+00 1.992668385090295544e+02
4.870843945970737110e+00 2.002165825894265652e+02
4.887126906630490097e+00 1.949544291767185484e+02
5.201383027822364724e+00 2.002724953873596405e+02
5.395708354445726940e+00 2.056386754335713078e+02
5.598474949819076230e+00 2.069006153515219637e+02
5.924878135323391248e+00 2.011522411375768797e+02
5.946348003233570267e+00 2.093001513629761519e+02
5.970901533560645902e+00 2.046859696840277252e+02
6.079993112966574742e+00 2.060437271452978223e+02
6.165273583396024826e+00 2.059276296020243819e+02
6.278299553306437630e+00 1.996962127815071995e+02
6.324598209216286904e+00 2.085364411899080039e+02
6.609218457057631113e+00 2.025637788040681073e+02
6.760723988585132460e+00 2.113603583475715482e+02
6.848644041893603429e+00 2.043175167708171216e+02
6.923272944955560781e+00 2.125972376689088890e+02
6.932839269879814914e+00 2.097873061293845751e+02
6.997213577595512213e+00 2.112441430555031161e+02
7.002405295859071011e+00 2.067249769623569762e+02
7.490126017459458829e+00 2.040760168326577286e+02
7.669830948095224699e+00 2.072396676396398902e+02
7.860654123262211357e+00 2.120102188158918466e+02
8.109939046046427791e+00 2.128444327603170336e+02
8.431124953053464210e+00 2.087468474565064867e+02
8.528614417770469913e+00 2.163321861311334828e+02
8.572001570968973638e+00 2.117819136561669211e+02
8.881734270907710282e+00 2.065435253361891057e+02
9.257343997733025631e+00 2.133815315028202235e+02
9.753278042770812561e+00 2.101387708762362934e+02
1.082870659355414311e+01 2.160501062787286344e+02
1.098972445728587743e+01 2.140560457751754200e+02
1.110287489726646193e+01 2.138327877310608187e+02
1.116347140015583861e+01 2.123464224396742566e+02
1.157728673351756754e+01 2.172715202026731163e+02
1.183474722174298677e+01 2.103721648575171628e+02
1.190307569809798061e+01 2.146423369283313320e+02
1.221008765211857394e+01 2.136848459725098053e+02
1.240419794939052167e+01 2.100344463390165970e+02
1.247092255223264878e+01 2.133194333395016429e+02
1.247378288765698606e+01 2.103417737579420361e+02
1.256993373261526337e+01 2.205668027800699349e+02
1.262225759015784732e+01 2.170695656806774423e+02
1.271335759197982362e+01 2.080189878114629494e+02
1.273259847914806109e+01 2.120671753289544768e+02
1.273875549657805273e+01 2.156932941529121308e+02
1.279063418670634533e+01 2.176281027767670651e+02
1.289842539256575904e+01 2.166067917073906415e+02
1.294637154206528251e+01 2.201437075832685935e+02
1.321614446215194683e+01 2.141113552512635181e+02
1.321976775318482389e+01 2.180385886609318504e+02
1.325859001691605599e+01 2.096944384215975390e+02
1.354677540970553018e+01 2.166572284265620283e+02
1.453891981224812469e+01 2.130176027800789598e+02
1.478675770742673912e+01 2.132424195892382670e+02
1.481099638484561432e+01 2.184659363527687503e+02
1.490498180941796669e+01 2.170604535196829659e+02
1.492118276622231221e+01 2.131736821401378847e+02
1.494612262936698599e+01 2.224770962783467780e+02
1.510721282172032787e+01 2.180592205471834291e+02
1.510778946553593194e+01 2.122438387974335967e+02
1.511511516203081840e+01 2.054695387182319735e+02
1.531230001725428203e+01 2.147103433492887348e+02
1.539884545693805329e+01 2.124253434140518664e+02
1.539926440689592901e+01 2.116200905443965326e+02
1.549215569503006407e+01 2.120701284877534363e+02
1.554872396251659161e+01 2.142899394188937663e+02
1.587263419645608664e+01 2.182697913620614543e+02
1.589332379431927578e+01 2.104213854193018562e+02
1.590094226886261097e+01 2.135331740144652599e+02
1.594096291946405231e+01 2.130847064954573113e+02
1.615714455019331908e+01 2.109615090238857533e+02
1.624560662925358301e+01 2.147418847683744900e+02
1.629587940171853333e+01 2.198407037148304823e+02
1.630889580097890246e+01 2.158880585978812405e+02
1.631900231141897706e+01 2.140243025879087213e+02
1.634228023851906286e+01 2.122810105531867748e+02
1.641221475614036507e+01 2.139425216428181500e+02
1.642985120306621027e+01 2.079094440485399105e+02
1.658275386708710286e+01 2.135791362989059792e+02
1.681578268808194920e+01 2.131268423987178835e+02
1.711580704040272494e+01 2.154234818268620586e+02
1.718040809348318376e+01 2.170352766955112429e+02
1.721286267251128166e+01 2.163408056496735981e+02
1.725503812077701582e+01 2.133412844798362471e+02
1.736403929386273148e+01 2.120240987896099227e+02
1.739779146356601558e+01 2.116482884134848916e+02
1.747766519524757101e+01 2.111212679024234831e+02
1.771337765339792014e+01 2.116929326118687413e+02
1.778695763739010616e+01 2.133756911989070488e+02
1.781303265213754372e+01 2.096241235030095140e+02
1.797875438414350313e+01 2.153136747997116061e+02
1.802260217013260046e+01 2.134272195368259588e+02
1.840940376279161939e+01 2.109454068165931346e+02
1.841549008018036204e+01 2.116114281377633404e+02
1.843587816737830565e+01 2.166692789952614646e+02
1.870437312478244607e+01 2.168935994310062370e+02
1.882366720737839572e+01 2.219707396140869378e+02
1.906697190380857876e+01 2.157424641948079511e+02
1.927537422400539313e+01 2.114934869146865708e+02
1.932304259260548918e+01 2.113378997329858180e+02
1.957476761944157317e+01 2.151353982142562415e+02
1.962205270113099687e+01 2.165597376176026785e+02
1.991572851986077097e+01 2.186194124647705621e+02
2.000830783079099362e+01 2.108161333724778217e+02
2.017729773440487051e+01 2.141512956815438713e+02
2.089714162850068746e+01 2.098348963602138326e+02
2.176887165490267151e+01 2.151070018022212480e+02
2.191799419551974637e+01 2.103426539906320443e+02
2.227254994237634733e+01 2.187848032697631879e+02
2.229550269601308798e+01 2.111478178824694680e+02
2.249538695937345878e+01 2.158914501615994936e+02
2.252838145250032298e+01 2.143252667347604188e+02
2.304095774126611573e+01 2.139765449066086376e+02
2.315402356823930319e+01 2.076388115397929255e+02
2.358609562965253303e+01 2.134973414448048743e+02
2.359444595152721647e+01 2.104591911297668503e+02
2.373334785361837618e+01 2.118084428222056488e+02
2.389450905335700881e+01 2.154802000644898214e+02
2.394496816227637126e+01 2.231015416089952907e+02
2.402972026721151266e+01 2.203001323594621965e+02
2.428734515515703762e+01 2.155757461017914807e+02
2.468211907531657090e+01 2.151270138739581057e+02
2.491706854967220153e+01 2.126094349376631101e+02
2.528484968525802756e+01 2.103860418010315243e+02
2.537661561026161650e+01 2.153240142848700884e+02
2.540340979892267015e+01 2.122893695754684700e+02
2.557215209999074546e+01 2.198147831519362114e+02
2.567294400801937826e+01 2.211490550709596334e+02
2.575713252206111648e+01 2.211286688597818966e+02
2.589871266350685630e+01 2.116361037613224028e+02
2.601999932453434283e+01 2.120746082012031479e+02
2.612747329153547327e+01 2.096683967817523637e+02
2.621532123283513016e+01 2.160265568883608580e+02
2.649114086063970674e+01 2.108860892219019831e+02
2.653002683841525311e+01 2.117446286765111267e+02
2.667948001478832154e+01 2.107741622030111728e+02
2.717358180619728358e+01 2.119051767339435912e+02
2.721113546544681228e+01 2.194644469202567905e+02
2.733787467111432079e+01 2.053742815172944631e+02
2.739643053854570809e+01 2.156076955860412170e+02
2.752670917145933416e+01 2.110517721232130555e+02
2.773448148324960272e+01 2.218256663398628348e+02
2.791518793193262837e+01 2.166407535549296313e+02
2.816680612522810989e+01 2.103256263190769175e+02
2.831981566511766957e+01 2.117208396916840059e+02
2.843267920823012318e+01 2.118604255928565010e+02
2.861769791358379678e+01 2.177441860010384573e+02
2.884100062535385689e+01 2.196038103707772677e+02
2.907343572910275853e+01 2.143346957801063581e+02
2.908377034667011429e+01 2.133196213329131581e+02
2.918731418085424423e+01 2.173785934714009045e+02
2.924212524520519096e+01 2.139029499433211186e+02
2.960778647637576810e+01 2.154096197551297678e+02
2.968367586068464803e+01 2.145661653597221630e+02
2.989005548128907819e+01 2.111138479451152250e+02
3.027620909183197995e+01 2.184712342534925540e+02
3.035623954600084673e+01 2.117854624783198290e+02
3.036737958438438412e+01 2.204359292818026574e+02
3.078984807354317610e+01 2.178451765889580258e+02
3.086381408429458872e+01 2.144717819404402235e+02
3.088296575973341618e+01 2.095561271051711287e+02
3.091761800161185647e+01 2.195400879451791525e+02
3.102295527125018637e+01 2.148878726307164868e+02
3.114519075804215120e+01 2.168650649449761545e+02
3.119018770960021314e+01 2.188599555784667245e+02
3.128577033230484261e+01 2.099794195029886907e+02
3.129327961380193912e+01 2.150528783205215291e+02
3.129507583723899344e+01 2.125204575841989936e+02
3.135939965811547836e+01 2.149019308732632396e+02
3.148078953001651570e+01 2.153726008259372691e+02
3.169947349925275049e+01 2.081206152672303347e+02
3.182925938579912994e+01 2.130294583609393158e+02
3.188103794965967808e+01 2.141159689206507437e+02
3.211075184661500259e+01 2.095269304378225286e+02
3.213893507828087337e+01 2.112947962140681284e+02
3.227678677486547087e+01 2.142356079697275391e+02
3.229940162147076421e+01 2.161560920753342714e+02
3.235087335235805739e+01 2.133077330508384364e+02
3.255880683118420649e+01 2.114198252605103505e+02
3.270653823280622419e+01 2.103755231555364560e+02
3.292861656121537095e+01 2.125876744580421303e+02
3.308559631442705751e+01 2.110770529832856823e+02
3.343170216365069791e+01 2.158451590564039293e+02
3.362886282795422233e+01 2.146745671892771554e+02
3.384365714960540572e+01 2.115857801927717787e+02
3.408650053205446540e+01 2.145891659047590281e+02
3.423127462597669535e+01 2.217787024865862406e+02
3.432841377278931105e+01 2.163822144636237397e+02
3.464364887887879974e+01 2.146802280864142176e+02
3.493121920849206674e+01 2.162617046815402375e+02
3.498297851694592708e+01 2.181326521269123759e+02
3.519924942302441195e+01 2.086069696945069722e+02
3.548618577365670745e+01 2.123522422248438204e+02
3.567894420683217760e+01 2.116991779109076788e+02
3.572000885957426419e+01 2.116014171588126089e+02
3.605149300144425695e+01 2.210394323710223716e+02
3.618837611487234796e+01 2.155543813412816121e+02
3.630500967740782414e+01 2.176250173865319937e+02
3.681820046808306302e+01 2.148316427025481516e+02
3.692165997813150113e+01 2.232231530216764099e+02
3.695918884723927533e+01 2.069358436824363707e+02
3.697688362985502408e+01 2.121529975086965010e+02
3.704855205552080122e+01 2.123026520041233312e+02
3.718854088927981394e+01 2.126166678560072683e+02
3.725192917588648811e+01 2.169366556228085585e+02
3.752552797001131069e+01 2.141178733235011293e+02
3.765022213663132788e+01 2.160339856509631318e+02
3.772002565964456977e+01 2.173737040661035280e+02
3.783849923203415955e+01 2.145802180278224398e+02
3.791392040755250292e+01 2.163006959676353915e+02
3.825675171966889110e+01 2.123039414164500158e+02
3.832185833363207905e+01 2.116041726211340119e+02
3.839878725887086119e+01 2.107789414441442943e+02
3.847312447448341999e+01 2.140980519730690901e+02
3.867271889000444673e+01 2.105466106149668803e+02
3.905807719747704709e+01 2.101505862859710021e+02
3.908114369887469053e+01 2.160369778969603090e+02
3.913875737342929995e+01 2.106277542278094757e+02
3.949348599229019641e+01 2.157497985650852570e+02
3.964435540490288901e+01 2.127077584178208838e+02
3.966366026486259955e+01 2.118305275719091583e+02
4.006700164916195206e+01 2.169165612661564637e+02
4.048228677962637789e+01 2.172027337990971319e+02
4.050684371957166974e+01 2.145418834916459332e+02
4.052495885470515447e+01 2.186311715356131913e+02
4.063984690610579520e+01 2.080591375094457476e+02
4.114113889500768551e+01 2.175054609460992765e+02
4.119349498282152666e+01 2.110605396957579387e+02
4.123307370097174385e+01 2.130199546481857453e+02
4.143394811734017225e+01 2.150355170053725544e+02
4.215382428306293150e+01 2.114374365496796315e+02
4.220525208301387465e+01 2.136635893762548051e+02
4.245388361060767579e+01 2.123501095269203631e+02
4.248887441456379577e+01 2.130307989230842054e+02
4.308651707430180267e+01 2.210059927049145188e+02
4.313718925812424487e+01 2.074603350028393720e+02
4.322811120968587772e+01 2.130751722147801104e+02
4.325800409461039919e+01 2.151527292467627319e+02
4.377725640160484488e+01 2.099395837411491925e+02
4.389263969168929691e+01 2.132340591432031545e+02
4.411136092018011112e+01 2.148451322591012911e+02
4.458857359798846431e+01 2.150376851916696239e+02
4.461547954408685257e+01 2.166237859911663008e+02
4.479524126429532060e+01 2.175603900406272544e+02
4.483100885283155179e+01 2.126789865740282437e+02
4.519315849639907157e+01 2.141088577254053291e+02
4.521376563980531671e+01 2.089558717922688800e+02
4.533447260349404928e+01 2.136298644992378968e+02
4.540589040922072428e+01 2.088472939988998576e+02
4.560581333087039013e+01 2.138465930148288692e+02
4.583217807589211645e+01 2.166251993504717177e+02
4.596328620366138296e+01 2.152224725159338448e+02
4.627573776165830566e+01 2.141213320368506743e+02
4.646487285095291497e+01 2.165690837157505939e+02
4.656458582304125571e+01 2.174725033450621652e+02
4.696925594606292975e+01 2.109758658637520341e+02
4.702922374837964270e+01 2.178654673865534335e+02
4.704697010572650839e+01 2.112227340521108943e+02
4.705977018935279688e+01 2.122858810746062090e+02
4.727603271874633606e+01 2.162911987271181999e+02
4.728707500391608676e+01 2.144167141144128550e+02
4.748590057397746733e+01 2.137302258642667425e+02
4.759877921188599004e+01 2.144000825281368066e+02
4.762630396161939217e+01 2.183005416074362302e+02
4.793747632657675695e+01 2.140420008657312394e+02
4.799705721552668791e+01 2.163586387587534148e+02
4.863370866907022361e+01 2.162717756652511127e+02
4.869102977800724119e+01 2.209485413437943748e+02
4.927948654635416403e+01 2.185398206293786814e+02
4.929486566049236984e+01 2.162184785685801103e+02
4.965809076650054266e+01 2.162699641388071825e+02
