-4.976097876554854338e+01 -2.250102873664805880e+00
-4.967050159909486240e+01 -2.214848318616648104e+00
-4.943184771268397526e+01 -2.204091526105401044e+00
-4.938703345561864211e+01 -2.205241866283499608e+00
-4.839924053926479530e+01 -2.184306139879891084e+00
-4.826724361084251314e+01 -2.173304733416767665e+00
-4.820932935096685412e+01 -2.181462178808047270e+00
-4.790743479930959126e+01 -2.216010436759507485e+00
-4.786103015080050227e+01 -2.219821297728129306e+00
-4.766315619643359724e+01 -2.236685959599076678e+00
-4.761264636783757709e+01 -2.243513177109903278e+00
-4.753642363130728654e+01 -2.243191327739035845e+00
-4.691541066940401095e+01 -2.323542599647275164e+00
-4.616555880480633789e+01 -2.412015901429381159e+00
-4.556726393245654805e+01 -2.444708269055176242e+00
-4.514282413243145697e+01 -2.431059781430461531e+00
-4.495250614269313871e+01 -2.399523021761203800e+00
-4.377579317030819794e+01 -2.282180375610150413e+00
-4.373074644828292179e+01 -2.266655142379624621e+00
-4.371466006713764330e+01 -2.281280704383524149e+00
-4.323568163967866695e+01 -2.208182876121221661e+00
-4.295629433517248685e+01 -2.171771089785419218e+00
-4.294699307465923255e+01 -2.199993067922665357e+00
-4.261869946156329547e+01 -2.167898377390915066e+00
-4.232056115891401760e+01 -2.168117285626708135e+00
-4.172579099097289657e+01 -2.191231661291395572e+00
-4.155786561971519433e+01 -2.215723417455583988e+00
-4.111052497031242581e+01 -2.262924287107861421e+00
-3.996005439670967974e+01 -2.398633660834401216e+00
-3.971140805491461379e+01 -2.412446776437577434e+00
-3.903462704919658677e+01 -2.433871005902900286e+00
-3.865694173810163647e+01 -2.404623604224019662e+00
-3.852157961448232726e+01 -2.388070551187501778e+00
-3.833753319595281539e+01 -2.367097086464883038e+00
-3.811326887425377663e+01 -2.347911526926677261e+00
-3.768887428448937982e+01 -2.308722715708082074e+00
-3.743354075096326739e+01 -2.279678396419479114e+00
-3.741024506878386546e+01 -2.259338157288369064e+00
-3.730268738857087385e+01 -2.258789072758774275e+00
-3.728711964996409733e+01 -2.240444334995360887e+00
-3.692988351397635682e+01 -2.212130447758122731e+00
-3.649043770948611609e+01 -2.169446114883024190e+00
-3.635514415122433718e+01 -2.154449381326336788e+00
-3.634148579454061689e+01 -2.173496058265059983e+00
-3.595060113584477079e+01 -2.173077726906915697e+00
-3.426329021633250704e+01 -2.328698835716298099e+00
-3.400455298552635952e+01 -2.358828609942069221e+00
-3.397867516363551488e+01 -2.356004375454342714e+00
-3.383817889788773670e+01 -2.383909661294212334e+00
-3.380646791148873831e+01 -2.394333852455284184e+00
-3.328894340460413304e+01 -2.424039619968707981e+00
-3.281346355577414897e+01 -2.433592474533987193e+00
-3.277360208889847826e+01 -2.424928935877004754e+00
-3.260455864725769004e+01 -2.428333112124847482e+00
-3.251504425938897924e+01 -2.407793633572201664e+00
-3.223218794311284796e+01 -2.388521900888693761e+00
-3.220607784486287528e+01 -2.391124932156348581e+00
-3.193969982145682351e+01 -2.364792485487815732e+00
-3.157379681846224173e+01 -2.322182718799313594e+00
-3.126491041869734389e+01 -2.268787526745366101e+00
-3.081771684742452422e+01 -2.216242528469975603e+00
-3.047550367134899219e+01 -2.193690836757721030e+00
-3.001430019389803761e+01 -2.179464183252367793e+00
-2.981516701563977634e+01 -2.180510637733696022e+00
-2.859238369986030293e+01 -2.256792548858693959e+00
-2.820278419123319935e+01 -2.314960530844189623e+00
-2.767188586129578454e+01 -2.369438908348359352e+00
-2.704446101576682793e+01 -2.425952490840056264e+00
-2.615090584391289852e+01 -2.403776811385784473e+00
-2.605590482066850910e+01 -2.401834669039522030e+00
-2.584152325785316151e+01 -2.375753952070936759e+00
-2.518954568384859272e+01 -2.327221241452833933e+00
-2.487051861972351219e+01 -2.268316950557189404e+00
-2.481909627859863932e+01 -2.240202778859811783e+00
-2.480513994286460644e+01 -2.280401586849363671e+00
-2.454805868490133136e+01 -2.220764398198177503e+00
-2.441864933210278110e+01 -2.211146374010876769e+00
-2.359298892015290150e+01 -2.158643566447947304e+00
-2.333353012068777232e+01 -2.174918317801127987e+00
-2.330597102749828409e+01 -2.163663525014807298e+00
-2.283273598468947796e+01 -2.192250716875751237e+00
-2.279540330559097683e+01 -2.204611474217638367e+00
-2.256881015679233116e+01 -2.239349640257259022e+00
-2.247966141441903787e+01 -2.230880351385878591e+00
-2.236633471866761269e+01 -2.261007724359336279e+00
-2.235618289528417080e+01 -2.254812546566245857e+00
-2.166976225918953958e+01 -2.332654633920555831e+00
-2.145731147033237463e+01 -2.356449939223384860e+00
-2.142275112505881296e+01 -2.373067111163280174e+00
-2.114845133590270621e+01 -2.391468687016606864e+00
-2.045031199479672068e+01 -2.443641840707660329e+00
-2.025082648604724511e+01 -2.432331929542764559e+00
-1.990808185114651963e+01 -2.400266070395844498e+00
-1.985158797496089278e+01 -2.397602308756214384e+00
-1.960906595047657675e+01 -2.383569924135646279e+00
-1.902873507209842430e+01 -2.324428566242202177e+00
-1.899755563647291723e+01 -2.311644781718189989e+00
-1.898128083327181770e+01 -2.317281063040049993e+00
-1.897524460318249595e+01 -2.314802403868219116e+00
-1.830787458672616808e+01 -2.232189962381584625e+00
-1.808024419680351969e+01 -2.216454530276753321e+00
-1.782467280471188076e+01 -2.182447676394583258e+00
-1.765084085776865663e+01 -2.188398381758273281e+00
-1.756277036661410307e+01 -2.168317152698601369e+00
-1.732066602403629929e+01 -2.178645811321356263e+00
-1.731326225068444558e+01 -2.176490551737906731e+00
-1.711282448736191952e+01 -2.197016881621467022e+00
-1.610940025612092086e+01 -2.250589875234836335e+00
-1.591203922932811565e+01 -2.271973591098847667e+00
-1.581137299734614032e+01 -2.279234961965334705e+00
-1.576774668159506376e+01 -2.280590120200189919e+00
-1.559187925275865894e+01 -2.328292518170775427e+00
-1.558925871234511362e+01 -2.306648542202402119e+00
-1.528295727251563818e+01 -2.357723774191612165e+00
-1.501519696380964319e+01 -2.383666880178850533e+00
-1.500991247471258561e+01 -2.384489282233242413e+00
-1.483888842700943655e+01 -2.403277571074573959e+00
-1.417896776935297964e+01 -2.437790267558160640e+00
-1.354310457327767381e+01 -2.405247690453739207e+00
-1.329959885826029620e+01 -2.379801070273965369e+00
-1.251103869960823545e+01 -2.303999298200861467e+00
-1.113480082664383986e+01 -2.171430752667456776e+00
-1.009028303166014950e+01 -2.225317284282776864e+00
-9.988256256211379025e+00 -2.220829573195605366e+00
-9.805374005110877533e+00 -2.247324617545920944e+00
-9.232428675548945307e+00 -2.311451797447911627e+00
-9.076789138928539558e+00 -2.358086520469051539e+00
-9.053775053654931071e+00 -2.337946226077077139e+00
-9.040745669967563458e+00 -2.347261343995270977e+00
-8.762757377365062439e+00 -2.386353233839141996e+00
-8.733799319017990115e+00 -2.378503009214243402e+00
-8.373338912742688933e+00 -2.398949119080128867e+00
-7.848234572703880474e+00 -2.415746326611946770e+00
-7.749582782799414815e+00 -2.421989594523659584e+00
-7.695644194803698213e+00 -2.437180830709722024e+00
-7.043496818714643837e+00 -2.386837056349734976e+00
-6.881278840551352971e+00 -2.370157579239704493e+00
-6.352378267859471350e+00 -2.297956825248727242e+00
-6.264873782914484934e+00 -2.299083988800695977e+00
-6.147699615346965629e+00 -2.282302393976924915e+00
-6.080045984594697472e+00 -2.279577335042564545e+00
-4.823583543511908545e+00 -2.164869168878518657e+00
-4.772278932027354870e+00 -2.172146260615123836e+00
-4.471723940309971113e+00 -2.172094856043685240e+00
-4.065401662051627341e+00 -2.200442906997945425e+00
-3.909320620639597621e+00 -2.209295134613918243e+00
-3.752399507616580365e+00 -2.235037067246798959e+00
-3.548679693003030877e+00 -2.247099354715774044e+00
-3.482585825242843214e+00 -2.261876804934291663e+00
-3.398389178324059401e+00 -2.260771003616628860e+00
-3.302198114729250733e+00 -2.262802606494577873e+00
-2.881366475829906904e+00 -2.325937713135815432e+00
-2.450719223608153641e+00 -2.392784067765519218e+00
-1.371224856522132995e+00 -2.430610837577295680e+00
-1.250530075108656547e+00 -2.437686365504657449e+00
-1.157242859288167836e+00 -2.418920292985892395e+00
-1.125033930030880924e+00 -2.433054617128104447e+00
-1.010441786924701546e+00 -2.420788817026021444e+00
-9.414254253315021970e-01 -2.395355232653090471e+00
-6.569056497122787164e-01 -2.371739645763018434e+00
-3.687266504143664747e-01 -2.360358913978577000e+00
-3.668373830608686603e-01 -2.350600435017587753e+00
-3.169774336581738794e-01 -2.336403975856580217e+00
-2.791483818418853957e-01 -2.332333857877388006e+00
-7.694441971997179053e-02 -2.324444741036876039e+00
2.502956099906370468e-01 -2.265490952398917290e+00
4.391250425199615393e-01 -2.250129499739615291e+00
6.554760992824597565e-01 -2.210114145107036077e+00
9.685043450000421217e-01 -2.194652806152824542e+00
1.051745546933844366e+00 -2.183931198754237357e+00
2.266599041616146337e+00 -2.201189041639139976e+00
2.707550691607352178e+00 -2.239410531836242502e+00
2.883880136056824028e+00 -2.273688671991338506e+00
3.137232584995366835e+00 -2.293498040364442936e+00
3.528957525065024470e+00 -2.338369966259696398e+00
3.530624441276309255e+00 -2.333005355621012633e+00
3.597017559279258592e+00 -2.343113141832855462e+00
3.758261264404147539e+00 -2.379943292315714665e+00
4.132053601832311074e+00 -2.403590237115289963e+00
4.944347565792050148e+00 -2.419346481583026343e+00
5.114068777282753331e+00 -2.414412184507551462e+00
5.418507847479780537e+00 -2.392223093841346682e+00
6.077212569760348515e+00 -2.322822232425945543e+00
6.503477562934548928e+00 -2.276435808274149597e+00
6.711983210663710508e+00 -2.244109409950518330e+00
7.759188568808461639e+00 -2.163062821680579173e+00
7.884768814648246860e+00 -2.165961815063873974e+00
8.585002112270842645e+00 -2.212953210032143847e+00
8.954379249255829620e+00 -2.248873222046674059e+00
1.027530201470151638e+01 -2.401346118634887894e+00
1.076850301411930388e+01 -2.428481957045190764e+00
1.113306672105217388e+01 -2.427376327014000079e+00
1.193381903305241565e+01 -2.385534749992373804e+00
1.260572358036669982e+01 -2.287824962113956584e+00
1.294583172894493117e+01 -2.268343530441009115e+00
1.345837177674818008e+01 -2.194121420775587250e+00
1.354844420706976393e+01 -2.187386596347751233e+00
1.362228077999395737e+01 -2.181134036913245033e+00
1.378419564683974841e+01 -2.205254266803588603e+00
1.405632310340506308e+01 -2.182408304003210731e+00
1.498505258181573652e+01 -2.217128382801696329e+00
1.574451127808251272e+01 -2.303255571388176826e+00
1.647836693338888381e+01 -2.391258132244173495e+00
1.679356828446124439e+01 -2.422223511080101144e+00
1.728098178853031186e+01 -2.418604206967713388e+00
1.814940536098870894e+01 -2.380885371029991315e+00
1.848970261788851133e+01 -2.349283853562305513e+00
1.950827277247661584e+01 -2.229197859450108066e+00
1.961918568146248276e+01 -2.208931136540807749e+00
1.987160784117401136e+01 -2.177907320179734985e+00
2.006541305160463651e+01 -2.177790756334632150e+00
2.019477920460440146e+01 -2.173578039545202678e+00
2.073326060258877135e+01 -2.175723804638296510e+00
2.098341667851148884e+01 -2.188997703374203407e+00
2.130496122011349769e+01 -2.219704097969349643e+00
2.145674955791714922e+01 -2.242428388058544719e+00
2.208572381056846723e+01 -2.298696380530401928e+00
2.228217824071538189e+01 -2.331640088109306230e+00
2.235747844918553540e+01 -2.327761348774456618e+00
2.235859001401827584e+01 -2.342280660055472641e+00
2.283428893790872394e+01 -2.399129858086812561e+00
2.327375668045478108e+01 -2.433039384643195024e+00
2.348860905921962683e+01 -2.432581464680372729e+00
2.398531426611552320e+01 -2.428762250499896691e+00
2.533845705882340837e+01 -2.254813003551038531e+00
2.554664064249725186e+01 -2.247867540821304022e+00
2.573997034098944425e+01 -2.218841332171576308e+00
2.621399220077996972e+01 -2.176725112166770337e+00
2.638424230381606606e+01 -2.166970360344245616e+00
2.639445085096404853e+01 -2.153531330833511781e+00
2.715480656589532771e+01 -2.183861137231612570e+00
2.801329649375109909e+01 -2.268064442903569677e+00
2.813069015320553490e+01 -2.279929619611406277e+00
2.816234180844232071e+01 -2.278823205182995970e+00
2.819793520294112454e+01 -2.288489117134478779e+00
2.831016057411478926e+01 -2.307044300671247328e+00
2.837334637794494085e+01 -2.319209266831729455e+00
2.839014335527924970e+01 -2.321899056486373070e+00
2.933216509130238592e+01 -2.410874765936501962e+00
2.977585777948526413e+01 -2.438559839367005821e+00
2.988337764836109045e+01 -2.446016421042709776e+00
2.989852049847411308e+01 -2.428791249632147764e+00
3.000638517416825835e+01 -2.417987450212103262e+00
3.047356901730944401e+01 -2.399285083605996238e+00
3.132466725026016263e+01 -2.312006119140372018e+00
3.181748001564970707e+01 -2.245610368724466621e+00
3.182028408531184027e+01 -2.263483342007982735e+00
3.200532907220214440e+01 -2.233862721268502938e+00
3.227375455683247196e+01 -2.186760999416636153e+00
3.231548347083264616e+01 -2.187686456989173855e+00
3.257271825924627251e+01 -2.187302661379382673e+00
3.260359691352989842e+01 -2.163843835040810237e+00
3.276772135537437691e+01 -2.179481081100414386e+00
3.296738503401292064e+01 -2.177335561179669643e+00
3.340959163664842890e+01 -2.167809604630372977e+00
3.400355344875978858e+01 -2.219996867436575538e+00
3.413351957413162552e+01 -2.251744150605424100e+00
3.535834009290718427e+01 -2.393766598013812530e+00
3.540099266507536413e+01 -2.400139254593738780e+00
3.558361157462833546e+01 -2.406708943085707819e+00
3.579826156069781007e+01 -2.409062297456364021e+00
3.611049333119578364e+01 -2.425252975531259736e+00
3.618076613583707513e+01 -2.430832874012780032e+00
3.645861840477859062e+01 -2.434930025838903056e+00
3.706773465102911302e+01 -2.369823860605019927e+00
3.730035061778421834e+01 -2.361337733889860235e+00
3.730175242571075955e+01 -2.351970069873036362e+00
3.768632296852503316e+01 -2.293151851206929770e+00
3.773540622465600336e+01 -2.288077793382187419e+00
3.785449901314899535e+01 -2.272431751532215660e+00
3.814019942620373627e+01 -2.238292450649685961e+00
3.830393293255679055e+01 -2.224784597231830752e+00
3.901088161466822157e+01 -2.171653215563953410e+00
3.925718087484398211e+01 -2.169192798376735176e+00
3.977341855711684104e+01 -2.181847700014702518e+00
4.009395400115867858e+01 -2.206942768701568358e+00
4.016406208919961784e+01 -2.217412598258308609e+00
4.063107347080787690e+01 -2.268383640781955979e+00
4.118468307009557350e+01 -2.349922884347638075e+00
4.141216949711024142e+01 -2.373038694783043301e+00
4.236781555181757142e+01 -2.427828779565938344e+00
4.293006330832912454e+01 -2.395825376429125075e+00
4.345952411135334614e+01 -2.360208733313806206e+00
4.399763270049180619e+01 -2.299203126196831981e+00
4.456039141124151115e+01 -2.230920186090167956e+00
4.476236617245631066e+01 -2.201957923016736096e+00
4.498615801387259694e+01 -2.191202238866510221e+00
4.512020906108922702e+01 -2.176330302340786726e+00
4.565039810366059214e+01 -2.166071088909692577e+00
4.684821212263958046e+01 -2.275681273019749096e+00
4.699898478600836427e+01 -2.279605452823571188e+00
4.703112609866248306e+01 -2.283822525794855895e+00
4.722456143963152897e+01 -2.305989539436237745e+00
4.726876435305545954e+01 -2.326202510622516151e+00
4.747167655297121769e+01 -2.334588888711491173e+00
4.899406811321418331e+01 -2.425698889744164255e+00
4.926241688653736617e+01 -2.391946997604850633e+00
4.958832336722021239e+01 -2.365891198899959580e+00
4.976510882921600398e+01 -2.367768483303334559e+00
4.993625921924503075e+01 -2.354190890235029698e+00
