2.220520124266989193e-01 1.682017514351612419e+01
3.155465311007354945e-01 1.757068177272168796e+01
3.652657139465220748e-01 1.803442662541974073e+01
4.589699987788298241e-01 1.757915317368773600e+01
5.128316326671378267e-01 1.825563804561609160e+01
5.230764936954179767e-01 1.719724260513831027e+01
6.035904806531433575e-01 1.516772783603242480e+01
6.726176262200400657e-01 1.388220673002467898e+01
8.490002760515868996e-01 5.131459254123662106e+00
1.126526085466522664e+00 -1.565759590074317309e+00
1.411976787737417860e+00 8.650192735039121672e+00
1.515315772732395150e+00 -3.500373823225061187e+00
1.649174647598106169e+00 1.798653179651823919e+01
1.666359019154495247e+00 1.712849427776889399e+01
1.760881324227442368e+00 -4.454484610348026785e-01
2.241168759615430606e+00 1.534017157767392447e+01
2.483386348116328968e+00 3.825522911291496797e-01
2.716849827060374700e+00 3.826673555233651491e+00
2.722090622648420943e+00 7.241427810328805670e+00
3.064722592415991542e+00 -4.537266010870421695e+00
3.222033833279913662e+00 -3.065324538408327193e+00
3.293480286754607356e+00 -3.285485158530812910e+00
3.634045632150428862e+00 1.411588937876697258e+01
3.660395711858105194e+00 1.084272529310235100e+00
3.671239287302163756e+00 -3.151981685814022160e+00
3.908939389707810630e+00 1.759843847569325348e+01
3.913991722412479835e+00 1.796706444162468586e+01
4.202605872492259920e+00 6.688892215437832078e+00
4.383871127659166866e+00 -1.620063250818348788e+00
4.438315377401669259e+00 1.888377959332425249e+01
4.686587329668218338e+00 5.964199272121744499e+00
4.783534130079070579e+00 -4.120812417704770247e+00
4.800597669063966677e+00 1.621567444461758356e+01
4.902897323483513148e+00 1.006577326622144319e+01
5.167622446293329119e+00 1.766438733843404307e+01
5.244340645460631833e+00 8.345774100264664597e-01
5.265658593522775988e+00 -3.318189326995053534e+00
5.399166610014188628e+00 -1.932273530580344456e+00
5.619293730454543834e+00 1.641477951344505826e+01
5.783442923349585207e+00 1.910180043016479701e+01
5.805022625968097927e+00 1.715134720464419971e+01
5.850273953306162511e+00 1.821783570154055454e+01
5.883878470526637372e+00 -3.790622181603636065e+00
6.362578401572255515e+00 1.612480643685135817e+01
6.702006161253725836e+00 9.764488553331943876e+00
6.761137122747457262e+00 3.897481813778616466e+00
6.892329479205777432e+00 5.072007305267211663e+00
7.028784058645270783e+00 1.319783532260611381e+01
7.065883018616631261e+00 4.212050168456365817e+00
7.559591852997576744e+00 3.383364376150316932e+00
7.583852723066442536e+00 -3.465836688676199095e+00
7.827075644002857047e+00 -1.317995734512613648e-01
7.918873833570428289e+00 7.221490880784998900e+00
8.082657020150850968e+00 -2.161073998955910458e+00
8.187202543670025534e+00 -2.868829458271050736e+00
8.245815695027275183e+00 -1.505901407525648272e+00
8.283033287826341962e+00 1.727629415546681102e+01
8.402082212862849175e+00 6.712844152037979129e+00
8.674731520384243666e+00 -7.801526823153757118e-01
8.723669363618791195e+00 -3.242312547099870379e+00
8.892062162899744493e+00 -4.184255977036449359e+00
8.950877309214828159e+00 -2.664263643772855961e+00
9.362650422438118625e+00 -2.806229793351517010e+00
9.573196366587859885e+00 1.155385224002323064e+01
9.688814689524905432e+00 1.171842572546387196e+01
1.019629172026003694e+01 -1.401473822920404455e+00
1.025354516908300617e+01 -1.174820366070251199e+00
1.050531808508197784e+01 5.815820738108953059e+00
1.053345252073392047e+01 1.046014414902800560e+01
1.069579143050915526e+01 6.256195624628426710e-01
1.106164445431371313e+01 1.642468369006366657e+01
1.123532848510334681e+01 7.086239737771554026e+00
1.143954537252139758e+01 -3.412487199968243790e+00
1.146034667805579943e+01 1.756383439580699601e+01
1.157993813746039358e+01 2.219693688507912377e+00
1.189428627774090153e+01 1.303592895271865970e+01
1.212443572658567525e+01 -6.894833906958879322e-01
1.232965616410879939e+01 -1.094025903888406148e+00
1.236818276831831476e+01 1.658754914085857735e+01
1.247809433537891444e+01 1.226717828544813571e+01
1.253320122611248344e+01 -9.789016785936759391e-01
1.282177864070748186e+01 1.243513749299900084e+01
1.297353804907644914e+01 9.056503219485234624e+00
1.343389707459817828e+01 -1.281266047321774071e+00
1.345613345262900395e+01 -3.551010976864029112e-01
1.362582107610418802e+01 1.110746510921835828e+01
1.380723672026730142e+01 2.297997094625144232e+00
1.405030902296924822e+01 1.498297537237333188e+01
1.423643845339611147e+01 2.299408783019754487e+00
1.437710010322986243e+01 9.107860293706066201e+00
1.438711000479758262e+01 1.567990720887873657e+01
1.441595771329846620e+01 4.762718290238566077e+00
1.517700852892828145e+01 1.737685366967015810e+01
1.521393086763693780e+01 1.740120889469434928e+01
1.545401391502964650e+01 -6.135186374918464303e-01
1.549530755358786749e+01 -2.842337719441246691e+00
1.552811233370587907e+01 1.148413043390626243e+01
1.560089278819518555e+01 9.593863653960324811e+00
1.569146417113464409e+01 2.119519604561683757e+00
1.579256044125028069e+01 -9.021365470096085470e-01
1.587636160782379591e+01 6.798157165162686866e+00
1.603892900079089756e+01 3.120536462365515629e+00
1.604810868993962814e+01 7.675476039264328421e+00
1.622925196834572148e+01 3.885364827313631864e+00
1.626348884028935160e+01 1.690478710192052958e+01
1.654327786018781765e+01 1.104425567465916203e+01
1.661658705583042206e+01 -5.831336839265214955e+00
1.675010259078663211e+01 1.586535097835968244e+01
1.685799318358523635e+01 -6.753497527229492814e-01
1.709940257690555754e+01 9.520470821930219207e-01
1.730205920202084613e+01 -4.536092514836434830e+00
1.797532976876887645e+01 -3.237090588655621826e+00
1.807561690829260925e+01 1.686025803491467556e+01
1.817879342434969203e+01 7.872669174127323366e+00
1.818574285964436044e+01 8.862954302996206124e+00
1.821788965851866138e+01 1.581497619328176363e+01
1.849439348008802853e+01 -3.215623884154267031e+00
1.927889050416433037e+01 4.526378691510464514e-02
1.949434259041371575e+01 1.608393893491398430e+01
1.960197203555826917e+01 -3.861823216509868928e+00
1.969657142617025158e+01 1.386710669828283216e+01
1.991907862419599695e+01 1.494896226482274670e+01
2.015975858901632023e+01 1.536934765356825494e+01
2.016883342739149043e+01 4.255627881099823817e+00
2.032515783398134346e+01 6.245128458323441656e+00
2.068865487893504351e+01 -5.010575449581866181e+00
2.080730254808563728e+01 1.721398221386944982e+01
2.085984158852870607e+01 1.015651266649485507e+01
2.094019109746095353e+01 -3.715073315001512277e+00
2.100081108509647265e+01 3.538998752715501350e+00
2.112612778863096707e+01 9.176247126335923099e+00
2.130253546995808378e+01 5.276535124178700187e+00
2.180541492377370361e+01 9.794389189898325299e+00
2.263916887688716173e+01 -3.609821500035572672e+00
2.267533555577891491e+01 6.481080444890651826e+00
2.284906308245923157e+01 1.638387594455633334e+01
2.290129159026393424e+01 3.091675949622638253e+00
2.313261165021443944e+01 -3.166508316940064738e+00
2.330001900411931004e+01 1.594094759749815537e+01
2.350712798596753572e+01 1.660712201901105090e+01
2.360952201690366792e+01 1.809746443273817462e+01
2.365812406994141170e+01 -1.304706236500860816e+00
2.380110550102552835e+01 3.200320054545801263e+00
2.380381575105411329e+01 1.029261769112145952e+00
2.444298593982252754e+01 1.015415423899377423e+01
2.453331480735339554e+01 1.082678149497093045e+01
2.467009679203792061e+01 6.333648916348619373e+00
2.481964770356239569e+01 1.723224368950625873e+01
2.496593383415313738e+01 9.216671135475133170e+00
2.500093696583725134e+01 4.111951419892506010e+00
2.504513381254053783e+01 9.656764388006999766e+00
2.572316244271033270e+01 3.440391762328892877e+00
2.573086613886387752e+01 1.636939282688450703e+01
2.574237828653319227e+01 1.547716275188500035e+01
2.576173060633936274e+01 -2.134044012476861152e+00
2.582830706484558547e+01 7.846683912019458695e-01
2.585204763303367415e+01 1.761149446942338415e+01
2.587597309024559067e+01 1.382579975296671826e+01
2.587900902474454412e+01 -4.337272485368512953e+00
2.603466244024550846e+01 8.115269110320140200e+00
2.610550534383301979e+01 1.923189831651739468e+01
2.623121791498815369e+01 1.067629608643166961e+01
2.633716865861181944e+01 -1.305872473509906984e+00
2.653906684722669596e+01 -2.536762768798656253e+00
2.683362192936142776e+01 1.800500961971310332e+01
2.691474015547641230e+01 -1.061960016467687673e+00
2.697560968418843430e+01 1.799971142040218908e+01
2.719820450264316491e+01 1.416106259904975850e+01
2.751987721918719387e+01 6.183452514029712077e+00
2.768657950932250600e+01 5.790104129537655631e+00
2.783483276564955844e+01 1.021885974591254609e+01
2.811165003560092046e+01 -2.979774171654884007e+00
2.819049389640590064e+01 1.838418856322449457e+01
2.819535716784491441e+01 1.895278611516636502e+01
2.841526602744835017e+01 3.215009431455064348e+00
2.846233092422995981e+01 1.918954283578653497e+00
2.849828829083182313e+01 2.108607455199571046e+00
2.862892299462562207e+01 7.996482557486192633e+00
2.905785429110629536e+01 -5.871960609234780915e-01
2.929119819257046586e+01 3.834753506082438701e+00
2.938601383251361199e+01 1.133740164412007978e+00
2.960845509669018938e+01 1.776416972543119499e+01
2.973920355771324608e+01 1.750341516590664170e+01
2.980090117054125898e+01 4.031925755790279453e+00
2.994825227923666588e+01 4.759805755631418833e+00
3.011012769509696696e+01 1.857998516176709813e+01
3.021195315189210717e+01 5.744465758942508771e+00
3.033746082206119610e+01 1.758815520700466539e+00
3.035867987153887881e+01 1.307534021529679258e+01
3.057578807607401217e+01 1.224418998509398726e+01
3.068556300129188941e+01 1.556187840118174925e+01
3.072919683743547381e+01 4.117513461373512484e+00
3.072985374209323695e+01 -3.550144542547873705e+00
3.117251944558610433e+01 4.196640273253321674e+00
3.145288546114934292e+01 2.641941126418461128e-01
3.180732685994662745e+01 1.290757182621963750e+01
3.192002662081340603e+01 1.815793633984229416e+01
3.192338224145033365e+01 -3.491999863189800823e+00
3.198518664601308004e+01 4.294300855728203636e+00
3.219631514463529953e+01 1.659546322749617531e+01
3.254712800617384971e+01 2.967488140162134691e+00
3.262591627378500903e+01 8.539877704932006264e-01
3.329314114941172420e+01 1.067749497272591874e+01
3.342542184989844145e+01 1.752856714341359634e+01
3.359016803796145467e+01 1.131242921508081878e+01
3.360218577145379726e+01 1.400274352794211019e+01
3.374395299924701419e+01 -3.356447136587819458e+00
3.375888906730274641e+01 -4.445392241160722513e+00
3.377428207832818430e+01 -3.664335262792526748e+00
3.386713758153796761e+01 1.611127988724743432e+01
3.397002785895733012e+01 1.089924169262201481e+01
3.417343014054399930e+01 1.708410379517390965e+01
3.418989372512139369e+01 1.658285942748607411e+01
3.420301819482321548e+01 1.780789637206844844e+01
3.438793896630749458e+01 -4.092688339406834075e+00
3.447316233864589918e+01 7.384279981828578698e+00
3.454634259826706000e+01 1.404867213893930256e+01
3.455706474016979257e+01 -2.641670824611165536e+00
3.462278981524610089e+01 1.945220651183079852e+01
3.463815370368973845e+01 1.695959334354827774e+01
3.465749957976711215e+01 1.490083516909701533e+00
3.485818399014174673e+01 1.152688164071664412e+00
3.489033348748483121e+01 1.904249175920339043e+00
3.490965921611432066e+01 1.663284722540943150e+01
3.507721280964196353e+01 -4.190982256629725455e+00
3.509468789524815691e+01 -3.806178391469318356e+00
3.616850611707864260e+01 2.419106143951796017e+00
3.629858572305455766e+01 4.812657004559967255e+00
3.645926844197062167e+01 -3.090559460709258133e+00
3.668868998999159459e+01 -4.822383375638644054e+00
3.702556034062371992e+01 1.714047441077617151e+01
3.707397769223527462e+01 4.120430602809382892e-01
3.733418921182899197e+01 1.434540806250800138e+01
3.744632743434847555e+01 -4.070066159204060341e+00
3.799575020749011856e+01 -3.594360170871067961e+00
3.800378589055880241e+01 -1.002735852368703995e+00
3.810090505144908235e+01 1.795275831577097492e+01
3.810485255779547487e+01 -1.372989137169468243e+00
3.828341681025296594e+01 1.795121186942647640e+01
3.829833938459784548e+01 -4.712882551952346510e+00
3.830484849682910919e+01 1.496084159464282237e+01
3.840629681363969894e+01 -3.536846048203123871e+00
3.859852518639144847e+01 1.697257378169796738e+01
3.860995919959759703e+01 1.646216830696579692e+01
3.868005278503026290e+01 -2.895533848068113869e+00
3.873036254805279555e+01 1.101695943288886070e+01
3.880785651764085031e+01 -1.942663449112277840e+00
3.907705296666043893e+01 6.188246802061913243e+00
3.942283843191584936e+01 1.553644005792133065e+01
3.960818541576949769e+01 -1.363005422424924173e+00
3.972471629086752642e+01 -1.356011671878402991e+00
3.976063475541371872e+01 2.606203335974713653e+00
3.987120770510131251e+01 1.076995050852557689e+01
4.011603121531712901e+01 7.112833028878030817e+00
4.045718758298811935e+01 1.809843924440501439e+01
4.056293122248702332e+01 1.156214708164131189e+01
4.078990007169058885e+01 1.326821420985283551e+00
4.109496891957175535e+01 5.463696757282735739e+00
4.187706404740526267e+01 1.508951267363421067e+01
4.192296178266524009e+01 1.542343129368298094e+01
4.203060769337493241e+01 1.332126391000913657e+01
4.207615225553432481e+01 1.394956641519808471e+01
4.217966212551831973e+01 -4.409690481470887491e+00
4.257109511271834634e+01 9.914063907052099722e+00
4.278549484820603510e+01 1.128145889253323375e+01
4.296605804229722736e+01 -3.662755887825613677e+00
4.300582523466329832e+01 5.284071120496336427e+00
4.315494789152711519e+01 1.708949990146760456e+01
4.361561021364130397e+01 5.202554281807213243e+00
4.386261957513652732e+01 6.611153374993683940e+00
4.398650885382753728e+01 1.078100572225914000e+01
4.423231610556204885e+01 8.457210332392261165e+00
4.479200153679011009e+01 2.949032369568643119e+00
4.493622851239936722e+01 1.622396049660099848e+01
4.508537698497310942e+01 1.709030373234474354e+01
4.517148289356638458e+01 -5.048958677367414438e+00
4.602328333453008469e+01 1.791464817223672412e+01
4.635199485586115031e+01 1.481559212732485165e+01
4.670662155067598320e+01 1.509408937307568266e+01
4.699611179919720172e+01 1.231951745130402642e+01
4.725743603553070926e+01 1.818982869058053842e+00
4.729190689572822492e+01 1.590421618572255014e+01
4.776948680877623588e+01 -4.297695256087578741e+00
4.810344355605839439e+01 8.944502282693830963e+00
4.813204097555367866e+01 1.468226228779460030e+01
4.843545703220926413e+01 1.582415223580144747e+01
4.853606823881445109e+01 -2.834626836589446697e+00
4.861293395387426841e+01 1.186484608355424974e+01
4.864691704773433401e+01 -3.226265019619122931e+00
4.866723473329335548e+01 4.556953962873839359e+00
4.890186173653533785e+01 1.425795469409348115e+01
4.911962826756092682e+01 1.768156046063533182e+01
4.918619545544120797e+01 -1.207782735622143111e+00
4.928010596004042299e+01 1.227602576734656559e+00
4.929234996980584071e+01 1.471430374724867285e+01
4.929436272210311643e+01 -4.477054569752415780e+00
4.932741657704536919e+01 8.042746357988873385e+00
4.968530917998762675e+01 -3.490993380277186198e+00
4.987447614805719809e+01 -1.831519442807318931e+00
4.989068298165806681e+01 1.186597558299776267e+01
