-4.967701115064434703e+01 -1.217349832610983924e+02
-4.963411359355244201e+01 -1.153649052523816323e+02
-4.924472617616615366e+01 -1.035346993140240812e+02
-4.902738641014694565e+01 -1.149601721919205346e+02
-4.886715624763545662e+01 -1.083136524182206273e+02
-4.867481390169360367e+01 -1.148763776896696669e+02
-4.837316923591357920e+01 -1.137890577176639795e+02
-4.725706469186629022e+01 -1.147568419412660603e+02
-4.687878397076130454e+01 -1.150568908756713853e+02
-4.674358009984317164e+01 -1.037087575135429489e+02
-4.662304139168933403e+01 -1.090733556297666382e+02
-4.626450246390163556e+01 -1.084736113797356154e+02
-4.570246005355244989e+01 -1.137895158276670742e+02
-4.547150371461640361e+01 -1.113667529001806713e+02
-4.485344882721593507e+01 -9.279741236942143701e+01
-4.470606522871150901e+01 -1.075432804290704212e+02
-4.459578324803885607e+01 -9.741577295560225025e+01
-4.442923344067141045e+01 -1.100735597185940691e+02
-4.421637564778665563e+01 -1.002052659233889074e+02
-4.381924270659035869e+01 -1.028605998515874518e+02
-4.363012023504668946e+01 -1.073072618742274642e+02
-4.308833939618335762e+01 -9.854640435537203302e+01
-4.247168252198860472e+01 -1.125552875822510828e+02
-4.204472445692461946e+01 -9.653351922512348438e+01
-4.178754008769345774e+01 -9.440677295913802425e+01
-4.165209081867887875e+01 -9.771272351416901358e+01
-4.107047652860550357e+01 -8.895712392461926754e+01
-4.099964663358236550e+01 -9.854091821225735259e+01
-4.078858180014636048e+01 -9.860133943093794073e+01
-4.070042780524580905e+01 -9.482031124023288271e+01
-4.046402811022513646e+01 -9.061899754437186516e+01
-3.980908750302627652e+01 -9.113474402241983796e+01
-3.943160655044776064e+01 -9.585197886607512885e+01
-3.907482066121704634e+01 -1.004225568991316919e+02
-3.823464956125386038e+01 -8.664641223656921909e+01
-3.808927768406351788e+01 -9.657276937151408447e+01
-3.760502322697819721e+01 -9.559909824681186308e+01
-3.753212839634718989e+01 -9.426434732380957371e+01
-3.747284429563565311e+01 -8.908075049354400221e+01
-3.727929412967046829e+01 -9.465208671342757896e+01
-3.703167794355467635e+01 -9.645140618670669141e+01
-3.685123899551688709e+01 -9.263949028087387205e+01
-3.681111967362562609e+01 -8.917800230821730167e+01
-3.671038285957266112e+01 -8.442239337178530434e+01
-3.665314719531494347e+01 -8.702126770125997268e+01
-3.665156040100258394e+01 -9.513702445169609234e+01
-3.655192460391055675e+01 -8.563350577911901951e+01
-3.631065819584412679e+01 -8.438156440904720057e+01
-3.626699017860654095e+01 -8.977742473393726641e+01
-3.583368767425891832e+01 -9.113890643316554474e+01
-3.529856549697212387e+01 -8.984127682536873749e+01
-3.480583951886958971e+01 -8.677049803065874301e+01
-3.426293226720063956e+01 -6.602426277680730493e+01
-3.364502744969456671e+01 -8.647716240823490352e+01
-3.271288857466477396e+01 -7.604050724577898279e+01
-3.251053106528969749e+01 -8.248251167572205134e+01
-3.179808213018566931e+01 -7.927891880756810394e+01
-3.160252545697925797e+01 -8.021970144356967580e+01
-3.115228283783034868e+01 -6.846193835885121359e+01
-3.107967824326974693e+01 -7.127161854042965672e+01
-3.078435074998620991e+01 -7.415101547273383176e+01
-3.061248797217136541e+01 -6.926033082382123496e+01
-3.051952149515542345e+01 -6.733278670557328383e+01
-3.051772878030780589e+01 -7.860646735415365072e+01
-3.010569623889902857e+01 -6.771530284795717591e+01
-3.006719115033649103e+01 -7.657016222749395240e+01
-2.960634922934468705e+01 -6.444545308268573081e+01
-2.937312328658012817e+01 -6.457015298836888917e+01
-2.910777153072848833e+01 -6.630588624823525379e+01
-2.857057919121898237e+01 -6.934163203207999970e+01
-2.836317203131083531e+01 -7.107446976339751643e+01
-2.772991329169852648e+01 -6.767873140217567141e+01
-2.629935026441722101e+01 -5.689603321257430224e+01
-2.613152551895455744e+01 -6.675676025726164653e+01
-2.596833693242020047e+01 -6.118165939382708984e+01
-2.553375540064000049e+01 -7.284063397966346542e+01
-2.545013365118133919e+01 -5.843180338685029795e+01
-2.492986088247140941e+01 -6.633541116880468280e+01
-2.464433903434932915e+01 -6.764090653574069734e+01
-2.453826509539808143e+01 -5.438833402869710199e+01
-2.441960348288226967e+01 -5.628160290867973714e+01
-2.369909264716413233e+01 -5.915547065402382998e+01
-2.306557298846214721e+01 -5.661651922239221335e+01
-2.296906830666609522e+01 -3.817840006319558910e+01
-2.280870900373277266e+01 -5.522863732413326687e+01
-2.265455186223429607e+01 -5.490406448481120805e+01
-2.221139775264305882e+01 -4.778896067752649657e+01
-2.215503377510975724e+01 -5.164974810418573270e+01
-2.179469126777643240e+01 -4.440553393710328578e+01
-2.161421370106086925e+01 -4.898972682422921565e+01
-2.115522258622530671e+01 -4.445286322073448559e+01
-2.069479601977289818e+01 -4.558201185064295657e+01
-1.990987105123381795e+01 -4.224578302946487440e+01
-1.940441702917327049e+01 -4.588448195756861736e+01
-1.912433319555109179e+01 -4.332785616666532036e+01
-1.905533757297859410e+01 -4.665191179814296163e+01
-1.882538802379406562e+01 -3.990149371348893226e+01
-1.872999121080710694e+01 -5.346643378168799643e+01
-1.839000694998532737e+01 -3.798066329670179186e+01
-1.789171859409547238e+01 -3.484634253256638203e+01
-1.746589055192595197e+01 -3.562451788253548557e+01
-1.722647934054152330e+01 -4.102678445957928943e+01
-1.665211973341105534e+01 -3.532040522212005840e+01
-1.618120758573672191e+01 -4.324424279599992360e+01
-1.588362432509293853e+01 -3.110512472065513023e+01
-1.565133040739132042e+01 -4.423913510988707287e+01
-1.510728860713862787e+01 -3.094035852837031797e+01
-1.498744874584476605e+01 -3.108121394712506458e+01
-1.474381758533456122e+01 -3.138007930540015522e+01
-1.446402800595733140e+01 -3.674048277889884417e+01
-1.398120287800710315e+01 -2.702652445658489455e+01
-1.338369693187470233e+01 -4.395011990976887262e+01
-1.338205458228489420e+01 -2.544993434492997864e+01
-1.300781969983027153e+01 -2.868467374450370500e+01
-1.296123975315375532e+01 -2.249080198472193715e+01
-1.214216882428407018e+01 -2.652022303555778038e+01
-1.214061876735418366e+01 -1.492742131324260768e+01
-1.155494363098299715e+01 -3.317141702224333244e+01
-1.133673997818068813e+01 -2.166702405053735703e+01
-1.118141464063528190e+01 -3.186887927458646175e+01
-1.099738466533734993e+01 -2.604776418967800211e+01
-1.075497864841536710e+01 -1.931268078155798662e+01
-9.464240030162770267e+00 -1.700349435566081269e+01
-9.367996712912784574e+00 -6.482528719339974543e+00
-9.318154350293880839e+00 -2.355914317218235254e+01
-9.176428962716286719e+00 -1.163090160394247619e+01
-8.680812167789241585e+00 -2.132342108521859814e+01
-7.980853491252624110e+00 -2.278199398354265170e+01
-7.595833163668267218e+00 -2.836946494209000491e+01
-7.531280317368803878e+00 -1.558019728860333863e+01
-7.083419944834012938e+00 -1.933068870230381719e+01
-6.873426068203471573e+00 -9.136660901249893385e+00
-6.677480887457186043e+00 -1.839445145026855144e+01
-6.230789133130151924e+00 -1.694253689374039240e+01
-5.254398778328365438e+00 -8.689179101662102056e+00
-5.070893212548043039e+00 1.424476367560696843e+00
-4.418204316790884434e+00 -1.686789368406916623e+01
-4.028283908904676025e+00 -1.019624735642082669e+00
-3.956798191581889057e+00 -1.861158762306508230e+00
-3.476473438479366962e+00 -8.440913455862281367e+00
-3.259467254602910202e+00 -1.572270679636400992e+00
-3.171956753379959082e+00 -8.148969431851092793e+00
-2.675009612967585326e+00 1.184612212554665689e+01
-2.307603792992928504e+00 -4.830495730369070984e+00
-1.026748062580331577e+00 -3.561080204589722742e-01
-9.630722864106289194e-01 -3.075079475725575939e+00
-9.425382411811895622e-01 -1.270071420320666711e+01
9.970961485919360712e-01 2.131264182121584305e+00
1.237956344259671937e+00 6.219780241483214844e+00
2.129682846185041001e+00 1.736341138243520987e+01
2.703487521136914040e+00 1.161982700902210652e+01
2.761739799123766659e+00 6.941242796482371524e+00
2.834237773973605101e+00 8.881266106709796659e+00
3.422675204470252197e+00 1.220287125496644443e+01
3.585387524185179586e+00 7.601495045137404816e+00
3.791908197959571680e+00 1.561082495972773643e+01
4.077167806529381267e+00 2.297420933546349886e+01
4.083833292052261754e+00 8.924617944458201890e+00
4.106971372116362318e+00 2.009261730597010498e+01
4.241525968463157881e+00 1.807648144985325445e+01
4.509310518430289960e+00 1.632836511161534787e+01
4.562925184943203760e+00 1.344972635920458792e+01
4.914349096636094316e+00 1.590152142068733809e+01
5.701872807967134804e+00 1.388760219360445802e+01
5.839641845320961977e+00 2.875526200753569128e+01
5.849780192989783245e+00 1.070262036027823527e+01
6.132774768382809327e+00 2.450181269206316159e+01
6.412650763172699442e+00 2.811625281278877253e+01
6.636621487283569820e+00 1.541097530455013498e+01
7.254517089836575394e+00 2.744626470949992836e+01
7.554521321515615284e+00 2.094608332285083208e+01
8.339020819359966197e+00 2.227498512262452834e+01
8.872802021557859575e+00 2.260340782005219396e+01
9.316894348415196703e+00 1.279370724232561685e+01
9.618297147015709925e+00 2.881875192763183335e+01
9.635440064684495098e+00 3.519653110305755206e+01
1.085494091516206083e+01 2.296195945608344147e+01
1.123783545936672823e+01 3.487244031387840693e+01
1.130239213031498480e+01 2.843202704621548804e+01
1.152965383306876390e+01 2.185682491354420165e+01
1.183830732942760022e+01 3.739666268348315015e+01
1.222044127861329343e+01 4.319354546344504087e+01
1.224379692567222122e+01 2.570348558163659192e+01
1.250838481678797365e+01 3.349206491576195077e+01
1.254904807548058443e+01 2.187877178313217996e+01
1.319094877209670358e+01 3.332682460160395266e+01
1.332459345651179916e+01 3.738744047875852061e+01
1.360369718338630918e+01 4.702794897742747793e+01
1.400080544502235114e+01 4.661101765337301117e+01
1.403285052309942671e+01 4.728968673749159279e+01
1.496503120661529351e+01 3.420611214067942996e+01
1.502132462337260677e+01 3.633739774436661207e+01
1.515834477100040090e+01 2.663064354360498953e+01
1.643920645371046874e+01 3.645790166568549751e+01
1.648384647582575724e+01 3.135477643137526371e+01
1.668450903172160338e+01 4.469934893500847295e+01
1.680184644192439691e+01 3.746762875272361981e+01
1.711782782215239251e+01 3.537430610606749326e+01
1.766177408867393694e+01 4.197373042961465472e+01
1.777013867136548697e+01 3.636902101587844527e+01
1.805344464906497137e+01 4.762601101397554260e+01
1.882067666619974489e+01 4.931656903898575450e+01
1.914561453108470346e+01 4.586033354479915403e+01
1.924216339699398759e+01 4.315929094450238779e+01
1.933653523612215963e+01 3.908189817384921128e+01
2.016877044789130480e+01 5.450898433459282444e+01
2.024516837594605079e+01 5.238384478700080393e+01
2.026270109386581453e+01 5.409316494938983055e+01
2.042037107024884790e+01 4.902362358155905042e+01
2.063235358404359943e+01 5.016491864603138140e+01
2.144268938094974430e+01 6.387716295754285056e+01
2.195096119616272290e+01 5.066199608326921577e+01
2.241252907374010306e+01 5.382064447440802724e+01
2.241939404823122572e+01 6.131179454528554373e+01
2.283198659410707876e+01 5.919467439606805215e+01
2.290885665728838205e+01 4.275968608367116985e+01
2.296610459127121828e+01 4.543667388563355303e+01
2.303352999550743618e+01 5.286642490114918758e+01
2.348682614868747009e+01 6.508290553733885986e+01
2.349366724985570443e+01 6.341136483348387998e+01
2.360034266164464611e+01 6.259420240693555115e+01
2.369034163074874755e+01 6.357850785478167666e+01
2.374665768044098968e+01 5.241957528243054298e+01
2.379867675284307893e+01 6.365289416457714111e+01
2.381498945220424446e+01 5.292279980004371254e+01
2.383885525286795826e+01 6.620008961006104187e+01
2.419187179670606724e+01 5.674425373020382324e+01
2.448792316553851833e+01 6.306801791611586339e+01
2.496201122038569054e+01 4.896654208979830969e+01
2.566292970125722661e+01 5.438820008973328157e+01
2.587397773020263969e+01 7.215976703703903183e+01
2.644655425101194623e+01 7.072887113444933505e+01
2.687110018629418562e+01 5.825047570934444252e+01
2.688169417869104905e+01 7.598743975937411221e+01
2.747788987614221412e+01 6.062451433868576345e+01
2.765097991089517393e+01 6.890309607926721469e+01
2.828213461436294551e+01 6.689911367078109095e+01
2.854434462549755835e+01 6.440005356804273617e+01
2.918494814037873653e+01 8.075202335835552958e+01
2.986081465165548821e+01 8.605218678422511402e+01
3.048816811146204486e+01 7.691745005113297395e+01
3.091930452106753080e+01 8.749959438602439832e+01
3.176440331351344071e+01 7.676804322512128920e+01
3.198034720976852441e+01 8.004847325830610316e+01
3.210808667597072485e+01 8.052287180318681692e+01
3.277103806381886386e+01 7.302048162514174123e+01
3.282759783077412408e+01 8.487447217145029299e+01
3.295519919030981271e+01 8.667186050693105415e+01
3.309076664156809500e+01 8.075332313524344841e+01
3.371900874656209623e+01 7.153889200296487161e+01
3.379081639895395028e+01 8.628301758924538944e+01
3.404106980261872195e+01 7.357183148846591791e+01
3.444012610066153002e+01 7.952017529517210903e+01
3.451985028044568082e+01 8.638297655091152194e+01
3.460788174782950932e+01 8.022217299002018365e+01
3.461241224333519995e+01 8.747279805715598400e+01
3.533856071378217223e+01 8.584237733577539586e+01
3.560791974183543118e+01 7.656229199826746878e+01
3.593785049138901400e+01 9.008729206016910496e+01
3.612514566241530645e+01 9.350386385382824983e+01
3.652444853096970689e+01 9.748663880665620241e+01
3.654933191692644812e+01 8.779158949710678428e+01
3.655969341234083458e+01 8.997508850280455306e+01
3.680790554095264611e+01 8.043605922326321434e+01
3.689307998115364740e+01 1.051208009707761164e+02
3.730978733688250770e+01 1.028799686570276748e+02
3.832644005335903614e+01 9.447803946644636142e+01
3.833890564991470740e+01 9.385034719455474317e+01
3.844821103706264864e+01 7.426928158659751489e+01
3.859239719420503434e+01 1.026734936177171420e+02
3.886575384039565506e+01 9.999574512554471539e+01
3.922167604606312352e+01 1.026289130662583062e+02
3.973029101087962545e+01 9.524767773736519416e+01
3.977651120771341198e+01 9.490594645450761391e+01
4.102347263268289623e+01 9.251706518907512589e+01
4.120123284372971284e+01 1.071930282274960859e+02
4.136472512868442664e+01 1.109446488315627732e+02
4.160135123300537430e+01 1.106121966363328539e+02
4.205619033175184995e+01 1.050912968488531334e+02
4.240940454199756005e+01 1.023139544864063026e+02
4.321583896562958671e+01 9.914232043647558612e+01
4.331172739141629791e+01 1.018529611819631526e+02
4.356665777276762697e+01 1.107446657646500796e+02
4.378048415686960482e+01 1.059435027029168310e+02
4.380716468151995002e+01 1.196335295263460381e+02
4.383158347130924426e+01 1.162330943982771743e+02
4.457186898643446682e+01 1.056221409353845502e+02
4.478981046884148043e+01 1.018090341322007077e+02
4.485049086953381448e+01 1.066769054276604578e+02
4.487578065608836653e+01 1.181552021832564350e+02
4.513621100155958743e+01 1.075445019194256133e+02
4.556926395076487779e+01 1.161659052127284610e+02
4.704436221833333320e+01 1.118844794097760200e+02
4.713254983421599320e+01 1.185298120644506952e+02
4.787460717284693601e+01 1.216416375726091559e+02
4.806559540470915692e+01 1.253436773998225391e+02
4.923091013043426756e+01 1.313405736755007638e+02
4.939682344806662684e+01 1.308734999247713517e+02
4.994741732968478232e+01 1.191915240106528557e+02
4.996442508115259784e+01 1.219434684106166742e+02
