-9.946238708513586158e-01 -8.030699746791807314e-01
-9.889091831861909210e-01 -8.762733358441415765e-01
-9.881143125529403548e-01 -7.876720523017700648e-01
-9.851472429107739348e-01 -1.049623233677032808e+00
-9.677627391532521717e-01 -9.920588902542383236e-01
-9.677415866099663422e-01 -8.207733495268669799e-01
-9.495152844007126447e-01 -6.865385195447502031e-01
-9.476067894983124518e-01 -7.834234488508803329e-01
-9.413605542124574566e-01 -9.274622580286542295e-01
-9.356041301241520003e-01 -1.023675871859538233e+00
-9.135542158407063962e-01 -8.009987127634852211e-01
-9.128170724019188942e-01 -8.782764159330993525e-01
-9.082095355956587568e-01 -8.163369116122367597e-01
-9.053209255245260323e-01 -8.614325885030889030e-01
-9.028419343114624240e-01 -8.699193998079904899e-01
-9.018057387544473613e-01 -5.957307956941161331e-01
-8.806442067808633034e-01 -8.766399597958647316e-01
-8.664511135499906036e-01 -8.924087781775600359e-01
-8.651027297398965477e-01 -8.889740743832116321e-01
-8.417020785235895808e-01 -9.332876190152339380e-01
-8.412684192439685571e-01 -7.858762846467646224e-01
-8.364398258120295804e-01 -9.117824813764513481e-01
-8.336100233351224631e-01 -8.190499955471608473e-01
-8.301916736163648114e-01 -8.519070719218027055e-01
-8.174073155935963619e-01 -7.638833038134172915e-01
-8.157901201098496369e-01 -8.386179440859879985e-01
-8.133465792603584710e-01 -9.914876896164360742e-01
-8.089407168892781552e-01 -1.001758211569149015e+00
-8.085749667752257785e-01 -7.455369517635594967e-01
-8.059236827222775457e-01 -9.342661994747623044e-01
-7.947294815784082811e-01 -9.997955210198971043e-01
-7.891082677890983721e-01 -9.381022334165793897e-01
-7.881830298863723439e-01 -7.567835931615538581e-01
-7.772156567845684982e-01 -1.006625447942970819e+00
-7.687632098414085569e-01 -9.532486188779667469e-01
-7.587426680193525286e-01 -9.325054086311160839e-01
-7.564912890538926238e-01 -9.867532328957658860e-01
-7.555129007349898895e-01 -9.802703629948805730e-01
-7.521539801521113233e-01 -1.010764823595199147e+00
-7.460839379280772565e-01 -9.102822284686578058e-01
-7.427376049812399739e-01 -8.994714778298437130e-01
-7.382100986718385105e-01 -9.289580960374224095e-01
-7.231688544368204408e-01 -1.015537484513761690e+00
-7.024446875157928094e-01 -7.361749600488660672e-01
-6.977450953038395465e-01 -9.763318869610132511e-01
-6.938589697504538023e-01 -8.242882680058292166e-01
-6.820807117105545103e-01 -9.462411335069078611e-01
-6.778619711415703186e-01 -7.811573664200270883e-01
-6.759683258989381827e-01 -7.534018695059984116e-01
-6.681242315860922432e-01 -9.216481600426130738e-01
-6.578363415898018651e-01 -1.014804999201350366e+00
-6.490964877050149351e-01 -7.650938593457475845e-01
-6.367423146523507604e-01 -6.481054107315663559e-01
-6.350165390930000431e-01 -7.839510823570464693e-01
-6.261925021465692964e-01 -8.029684379754118417e-01
-6.179860892591577670e-01 -7.364950431601084979e-01
-6.115540788424582708e-01 -7.378005474164437416e-01
-5.972009972372582798e-01 -8.782256810662008029e-01
-5.909142809071445956e-01 -8.582546554891065105e-01
-5.878085451094516856e-01 -7.372168204155440385e-01
-5.847282776073510213e-01 -8.059054312382946117e-01
-5.835034065221267330e-01 -6.682579415987303095e-01
-5.719761701833074863e-01 -8.496562058080148194e-01
-5.462970928715937813e-01 -6.945389067508267456e-01
-5.434735382420887717e-01 -7.305873547023774561e-01
-5.350404287915284662e-01 -7.679341625786738623e-01
-5.270752076039422196e-01 -6.395460256319991377e-01
-5.268003765889612833e-01 -6.857713234837153893e-01
-5.235001885751764394e-01 -8.409252853902908775e-01
-5.182882045527510417e-01 -6.825003017913489067e-01
-5.166287255092043562e-01 -6.122833435150250025e-01
-5.126672509262519828e-01 -7.499714271413997491e-01
-4.990892692069865966e-01 -7.493224712424769729e-01
-4.849158716918338108e-01 -7.760476479603920508e-01
-4.661883704177305354e-01 -6.970551521330171640e-01
-4.375304370941830445e-01 -6.030438845517254176e-01
-4.277213300992410705e-01 -7.337336259507860614e-01
-4.269267665417961766e-01 -7.824242361887383534e-01
-4.150211744151504067e-01 -6.788089193956494682e-01
-4.136950627456412732e-01 -7.714234441740354109e-01
-4.125719072223412720e-01 -5.919442246021219267e-01
-4.062784490386410763e-01 -6.740481410467017431e-01
-3.987797289935905987e-01 -7.901981757958174146e-01
-3.961063274745619811e-01 -6.554168428981030914e-01
-3.917584219456318184e-01 -6.358929392154997196e-01
-3.904638531778050758e-01 -5.743051877437573838e-01
-3.870604933408854365e-01 -6.261105211982974650e-01
-3.754775540550694402e-01 -4.240120646919777747e-01
-3.726620998957450581e-01 -6.443477396853096728e-01
-3.664242057632405292e-01 -5.942022795213529607e-01
-3.654290363593581947e-01 -5.968083268453878709e-01
-3.624671472362472890e-01 -6.100913395652720617e-01
-3.573622009871426641e-01 -5.641034358703927998e-01
-3.560387870633838769e-01 -5.251352430511582181e-01
-3.540821722936435823e-01 -4.479131692432134493e-01
-3.258672331047800519e-01 -6.850481259060964279e-01
-3.226583081713467749e-01 -5.817102249391385982e-01
-3.163387728699671442e-01 -5.676213701973861214e-01
-3.144723324513831741e-01 -4.353736974877839283e-01
-3.136439676982611946e-01 -5.555504344648123372e-01
-3.130879719033501374e-01 -6.989412803116497042e-01
-2.914706488166429743e-01 -4.841935721434483808e-01
-2.881702685650808782e-01 -4.910469482422749610e-01
-2.880846640527707780e-01 -4.709349651900768818e-01
-2.852048666336475247e-01 -5.812467831353217429e-01
-2.764226887553717926e-01 -3.105649433002520832e-01
-2.754464780468475205e-01 -5.005681584626893166e-01
-2.685617481452708954e-01 -4.781594605824372457e-01
-2.514156353091039353e-01 -5.201817105726472823e-01
-2.496289450344038041e-01 -5.204783420118325177e-01
-2.420283006021646255e-01 -5.366374110932783381e-01
-2.303243774484777795e-01 -4.414853383895837036e-01
-2.220988517537108020e-01 -4.818930526961447969e-01
-2.157649636116989456e-01 -1.898561149276965510e-01
-2.112598920944503966e-01 -5.524584963070359178e-01
-2.039114893391371641e-01 -4.698189960880267413e-01
-2.036286361640380349e-01 -4.012816370529712628e-01
-2.022474145476869101e-01 -2.984254187099025790e-01
-2.012425797943997452e-01 -3.986989602838052482e-01
-1.789604291721442753e-01 -2.610902577149180059e-01
-1.768615535823256923e-01 -4.134491670379928929e-01
-1.703475760927364302e-01 -3.048299815738810259e-01
-1.659555779505967887e-01 -1.397919166569525362e-01
-1.654178781933117737e-01 -3.929361436220425441e-01
-1.537870797510780818e-01 -2.436475653917030693e-01
-1.513862778380161700e-01 -2.595398350146986277e-01
-1.483394194083440532e-01 -4.847110207339143106e-01
-1.482646116001617997e-01 -3.288415662845011189e-01
-1.472973860743835850e-01 -1.660738270077894430e-01
-1.433054505981015136e-01 -2.526226791795045390e-01
-1.403733242268361270e-01 -3.738499523129710234e-01
-1.382744733407124116e-01 -1.919975330267176539e-01
-1.325976546409435297e-01 -2.918541151373669762e-01
-1.235712312455505835e-01 -1.976184744007518923e-01
-1.228555106407511754e-01 -1.947917105971732066e-01
-1.193442466691818638e-01 -3.287644743803418423e-01
-1.132645963975764669e-01 -1.393011839963819998e-01
-9.872701896253044396e-02 -2.818092685634470684e-01
-8.517600495277610761e-02 -2.852367647533133876e-01
-7.618247686310319899e-02 -2.291297853358494341e-01
-7.269455022896798013e-02 -1.724100658775443717e-01
-6.402485188650119952e-02 -1.136224215055877396e-01
-5.417399552308976851e-02 -1.777372196919280722e-01
-3.813619703127812954e-02 -5.028466901531469802e-03
-3.794744898969293345e-02 -5.088138121031180600e-02
-3.393147147459130153e-02 -1.317855029517114862e-01
-3.018111311488147486e-02 2.383520612266344652e-02
-1.262980469938757011e-02 8.366541627148146865e-02
3.673351768673116524e-03 -1.884259515539032578e-03
4.142200653485694772e-03 -1.183733034722637273e-02
4.432670645574177115e-03 -1.572757845971180513e-01
2.084467495602226883e-02 3.946369520570668088e-03
2.625630839800430216e-02 2.588839589908344119e-02
3.743318178101029403e-02 9.923539611431900220e-02
3.897023851961867180e-02 6.366062803948005500e-02
4.002030614496687733e-02 1.044791354047970161e-01
4.306611879466459847e-02 2.316667659626870102e-01
6.310274768367674092e-02 8.045476161731024423e-02
6.365517419373212249e-02 8.527505098999665911e-02
6.777196339658919655e-02 1.738389176874040321e-02
7.900964510747066072e-02 1.632651238370867175e-01
8.527185157701189233e-02 2.690841036389097218e-01
9.013601293292983208e-02 2.408228730042921706e-02
9.552714525770800158e-02 1.374684102846344680e-01
1.026295381657824635e-01 2.187372454224625618e-01
1.031854519648109925e-01 2.962241412267344054e-01
1.047401505881462302e-01 2.558673174827550412e-01
1.065146895934268034e-01 2.543890913895888173e-01
1.087664994355441728e-01 2.078438748673312464e-01
1.135703847885773943e-01 2.845984644352969051e-01
1.244367574618112648e-01 3.585974824264763772e-01
1.287180858495633462e-01 1.130463693695112348e-01
1.312840024517656357e-01 3.471279570743976417e-01
1.380074628603906728e-01 2.847269973159970990e-01
1.449139149829461459e-01 2.599135368033231863e-01
1.475482273176489389e-01 8.666541945825403936e-02
1.481276502999289146e-01 1.875308229103807289e-01
1.571029362176659117e-01 4.963104847165101252e-01
1.643509182917402001e-01 2.893075423181936667e-01
1.653421757228092925e-01 2.544626673745621348e-01
1.718731051244257735e-01 3.283261813223462555e-01
1.863538331244423141e-01 3.347593007200517778e-01
1.888637588900849984e-01 4.220438451882196351e-01
1.929737966834739193e-01 5.620677672339331465e-01
1.948662167207499962e-01 3.694240363086919721e-01
2.013971356671797608e-01 4.540957718902241536e-01
2.061202568218547526e-01 3.432475154194354894e-01
2.220470213551657412e-01 6.306648800099694530e-01
2.257890515259353137e-01 5.148341492976035161e-01
2.479059035842223757e-01 4.484855280845697068e-01
2.498070041911997219e-01 6.390922915019167094e-01
2.526187234197125875e-01 6.735315908020632625e-01
2.544979441025374545e-01 5.807550544599893172e-01
2.619522477089755164e-01 4.299770555178882847e-01
2.641009896034558491e-01 7.559531393689048473e-01
2.688019171026421184e-01 6.291105900321944944e-01
2.688845357988782769e-01 7.099028579699345753e-01
2.718007187027122740e-01 5.556938154251710449e-01
3.015007329525867252e-01 6.420221366788977369e-01
3.067297427060813320e-01 7.024564225237774906e-01
3.223357346558621828e-01 8.345290336368739181e-01
3.231286733324874039e-01 7.455639006475601738e-01
3.297448976065886495e-01 6.306265181861779867e-01
3.305229306993660021e-01 7.748097949163940124e-01
3.332491003281432551e-01 9.095938239179310880e-01
3.367678945189196416e-01 7.717308433239007393e-01
3.386275659245445713e-01 7.822445111763940417e-01
3.493781019756496686e-01 6.782153195736800866e-01
3.626015315855932730e-01 6.975037680689138986e-01
3.696594771697265802e-01 7.865125555210675801e-01
3.834035974003542346e-01 8.493721515464783822e-01
3.839405910636393138e-01 8.910236209129771545e-01
3.910590575418217973e-01 9.142649409939069827e-01
3.926225364708126886e-01 1.052608980333050281e+00
3.929383711957232794e-01 9.088188892466018132e-01
3.996681495458294098e-01 1.019504195110283895e+00
4.099176609027244123e-01 9.411577394866269541e-01
4.173947908854920286e-01 1.098809320717763605e+00
4.203233026413970563e-01 7.950030692872980254e-01
4.219973871910200902e-01 9.182041396972323577e-01
4.312025503086096556e-01 1.088754353776499650e+00
4.355151245591151188e-01 9.910531463857714662e-01
4.389379395711261456e-01 1.102681228116175971e+00
4.448867651404431189e-01 1.065875096128450661e+00
4.468327163799095114e-01 1.123108039033333894e+00
4.489106497212704827e-01 1.096944228080067196e+00
4.580994147680832462e-01 1.124730749372678140e+00
4.621460716891141463e-01 1.211141332126617343e+00
4.759908114640714061e-01 1.196800899529645079e+00
4.837243036840745969e-01 1.215839717830474065e+00
4.895613102835318919e-01 1.138448367355451962e+00
5.014340006863358123e-01 1.109913729677864502e+00
5.032879775858367655e-01 1.106966515330668477e+00
5.070519815962291066e-01 1.247874386581304673e+00
5.250956275708675847e-01 9.907971043079446538e-01
5.273656828866764013e-01 1.101970189657340393e+00
5.301921904786131012e-01 1.140645013385436668e+00
5.387946741479245905e-01 1.227225372746401533e+00
5.543249231412044065e-01 1.038751620036838297e+00
5.619958759999146292e-01 1.420146593861036699e+00
5.763743472029310144e-01 1.389842443814651496e+00
5.845986036891812621e-01 1.537208475011451636e+00
5.976926624261238441e-01 1.478514042465443490e+00
5.978454664300263399e-01 1.475851897679679059e+00
6.139373682743582972e-01 1.623421390947905385e+00
6.155821725803121147e-01 1.362448016271206264e+00
6.158764189672203404e-01 1.275692433035701789e+00
6.232886965680430880e-01 1.409718064859344144e+00
6.296874057868193653e-01 1.366942946565607997e+00
6.430082264011158788e-01 1.446168491872205086e+00
6.526816010136664570e-01 1.390270598634959276e+00
6.582252690037808662e-01 1.552223981771295724e+00
6.654323945664253337e-01 1.560365208795250203e+00
6.784866956101671676e-01 1.533238247474571825e+00
6.833399938254325345e-01 1.573458282766177385e+00
6.846848752405145788e-01 1.533301361202337620e+00
6.910659931251375010e-01 1.628025303338099805e+00
6.921096763929281970e-01 1.565875670365064476e+00
6.930124505414441138e-01 1.536016445489055027e+00
6.988635881555791407e-01 1.657780681137147605e+00
7.089049750490095114e-01 1.705239648094907245e+00
7.187781513612228057e-01 1.728040198586686893e+00
7.309197030457987854e-01 1.528445867939407954e+00
7.317289166065292783e-01 1.572346230611826323e+00
7.326183157667318646e-01 1.464335650399229971e+00
7.433658662846145404e-01 1.616891001541252315e+00
7.457578286436146175e-01 1.681577753742387937e+00
7.509136835903498230e-01 1.637274363751202388e+00
7.706536525502791779e-01 1.856288468136600311e+00
7.751869209355497503e-01 1.642938395989280709e+00
7.757135853524452784e-01 1.579623816254566160e+00
7.867783262342695760e-01 1.747756237103605947e+00
7.899565757720232728e-01 1.712098729319318835e+00
8.038227453213411255e-01 1.764210203169771285e+00
8.106831513232197750e-01 1.747925684358788700e+00
8.197433192204177654e-01 1.750681111105554910e+00
8.336646658776578622e-01 1.540702466841672669e+00
8.367949356112660553e-01 1.673909852970417278e+00
8.502649792279721730e-01 1.696152744520453171e+00
8.551531591507790520e-01 1.721952960356379458e+00
8.551684803042949312e-01 1.712554681053188421e+00
8.595273058076935424e-01 1.795826903011367826e+00
8.638642961533562481e-01 1.815873393411010284e+00
8.800580298565470194e-01 1.661261516659040760e+00
8.883200364077592504e-01 1.834670462220630016e+00
9.170194860433336093e-01 1.831204045347280207e+00
9.260089319845163924e-01 1.820322712463474879e+00
9.349886136128369163e-01 1.643486882678576677e+00
9.420922810202578823e-01 1.816751678313155649e+00
9.611643971885752702e-01 1.778638431410610954e+00
9.615283967692309641e-01 1.860792114628750715e+00
9.670432184071111603e-01 1.935944414106575362e+00
9.672617698234464712e-01 1.917471946976123887e+00
9.711195712214100162e-01 1.777686756820217928e+00
9.766570692447749114e-01 1.764450534621058608e+00
9.766908385656400959e-01 1.823808663309770095e+00
9.780690147905988230e-01 1.659485946346697549e+00
9.860665221895834609e-01 1.623786131590390758e+00
9.907169640680348888e-01 1.712653116080808724e+00
9.921726547356508608e-01 1.870348414805590664e+00
