5.095025473562442286e-02 2.804296834935805505e-01
5.657522238817191962e-02 2.218615060441808673e-01
5.936231682395076703e-02 2.345856354793261767e-01
6.006459366838301506e-02 1.512963090806794808e-01
6.079063665509965020e-02 1.822969329098542979e-01
6.298174925296695648e-02 2.995369196534770628e-01
6.779325836042149334e-02 2.299892822450303187e-01
7.902436231868348315e-02 2.384151671694944574e-01
8.658745141226331654e-02 2.624501700568943052e-01
1.093631252778179963e-01 3.280617947640474541e-01
1.203745333313159804e-01 2.937493994585994028e-01
1.596522141849980869e-01 4.053753763091449414e-01
1.742748182109474797e-01 3.550032016073542684e-01
1.801583352753377554e-01 4.599970337116269792e-01
2.045052021467470560e-01 4.036766046263844943e-01
2.103213538012371764e-01 5.192421616005337137e-01
2.429584917937939181e-01 4.924474426514516834e-01
2.547634372794829183e-01 4.659042419781855848e-01
2.557541964584317817e-01 5.475808268300277337e-01
2.799287575395186245e-01 4.659583611609933174e-01
3.048162561974097073e-01 5.269773599180697099e-01
3.200260800205163569e-01 5.657050075746893336e-01
3.247959899991630373e-01 5.643440990264182444e-01
3.248033995443551092e-01 4.776697854449993841e-01
3.263331617994906786e-01 5.289745412850290762e-01
3.333930788353915986e-01 5.851282692866897062e-01
3.563838716536640305e-01 5.363621566215743819e-01
3.886384228618768866e-01 6.815702242039129999e-01
3.933123615397318140e-01 6.498876783359461839e-01
4.008578493392866982e-01 6.095165653447722764e-01
4.047278164207552820e-01 6.260651582535938786e-01
4.069842039264948141e-01 7.234465652988470996e-01
4.140837005966306883e-01 6.864791781263527293e-01
4.501603446732183045e-01 6.884016847065346223e-01
4.540363136371294850e-01 6.088136341656623651e-01
4.575393291450957634e-01 7.512573951503247471e-01
4.645015058934434116e-01 7.298756123443537192e-01
4.762787935477228451e-01 6.833139435221463609e-01
5.095538890470505677e-01 6.885852266912625419e-01
6.301343844105460335e-01 7.851804439331534491e-01
6.347165738821627379e-01 7.414913651119166005e-01
6.528801267582995393e-01 7.863888752621597256e-01
6.904469686916043791e-01 8.659799825082166169e-01
6.961283621548814970e-01 7.513270000800277293e-01
7.352294880310559222e-01 8.430311889890016452e-01
7.779913581777027076e-01 8.872624941564565271e-01
7.814093862284341441e-01 8.887300574836529687e-01
7.843361865159996782e-01 8.314841922869931068e-01
7.852360204879409444e-01 8.318443733785674254e-01
7.853857784990463387e-01 9.362404998769098263e-01
7.966326293336902786e-01 8.363055684855167371e-01
8.213990989134609677e-01 9.526335971375518019e-01
8.233511307332408435e-01 8.852340683052459802e-01
8.271325955868378266e-01 9.590585873441781484e-01
8.373359629334777843e-01 8.957223550303526904e-01
8.383678364591227172e-01 8.620534051893707916e-01
8.747285586988513550e-01 9.746070303886755770e-01
8.793438000051487791e-01 9.369346288391591226e-01
8.829228391611172455e-01 1.006166472153065650e+00
8.930818974142580302e-01 9.860049185312879105e-01
8.943185208467658853e-01 9.351476018061335438e-01
9.036941629456611835e-01 9.299770495125910807e-01
9.190543893980605006e-01 9.597466329675323760e-01
9.331742795512214528e-01 9.747449685534692598e-01
9.571729841063225663e-01 9.378573573721258327e-01
9.590778862857614051e-01 1.017991790804797292e+00
9.641624288700998413e-01 9.636685777222145921e-01
9.697884076530067787e-01 9.653505561545804303e-01
9.786391482505401029e-01 9.644304905085581137e-01
9.849716748005046263e-01 1.003066996040958170e+00
9.852840159648912355e-01 9.608318134631912422e-01
9.989848132445042772e-01 1.005690859551631622e+00
9.998172186797309458e-01 1.126966481176317592e+00
1.007108282884412009e+00 1.001085801791752994e+00
1.057311917248231481e+00 1.008324813725602231e+00
1.060385154727379486e+00 9.531604344425160802e-01
1.071928642465494796e+00 1.037646339577839250e+00
1.072084467138464614e+00 9.844730336847172802e-01
1.072497721245138091e+00 1.018366930788908276e+00
1.085967345853833255e+00 1.049060238277210955e+00
1.114749880272187355e+00 9.763204520174737500e-01
1.119999804265402688e+00 1.065532001624623915e+00
1.160345700193522234e+00 1.091178475597224251e+00
1.175896528911245742e+00 1.024817545928087492e+00
1.178067976285957830e+00 1.067371368035218815e+00
1.229018610062288630e+00 1.024536686359281301e+00
1.242034967178824889e+00 1.186822033931304254e+00
1.246144679813361744e+00 1.131489818892269739e+00
1.296886497766743584e+00 1.130561537843406184e+00
1.299638579903303004e+00 1.132511034071861378e+00
1.317116533949171053e+00 1.199619190035281724e+00
1.322328411259797498e+00 1.145600785329317750e+00
1.353508444874912620e+00 1.178596773613991067e+00
1.354328808919827765e+00 1.233500292992283365e+00
1.356396932649618581e+00 1.148746621842894333e+00
1.372344387855970460e+00 1.121291114843456782e+00
1.383617241430098677e+00 1.138406930408031981e+00
1.388100612267587852e+00 1.243789045372817093e+00
1.395571696134997097e+00 1.185542073517924289e+00
1.400558528011810022e+00 1.160382093879902765e+00
1.402157279243950949e+00 1.228842414350184153e+00
1.406677504734140882e+00 1.231866141582716789e+00
1.406813411910818434e+00 1.164247250119867960e+00
1.409107788155913532e+00 1.142421688424431370e+00
1.455587793974022492e+00 1.134349980723398543e+00
1.457366718298836794e+00 1.124829040280775017e+00
1.462269124743047044e+00 1.197073544386017430e+00
1.469062251931670282e+00 1.171028232715215278e+00
1.476155464152407948e+00 1.300322916297505849e+00
1.512483725227694364e+00 1.232519151843719962e+00
1.528436771804526195e+00 1.147105266640624066e+00
1.532776120025673539e+00 1.303209336955652553e+00
1.534690996695429632e+00 1.246253100708318851e+00
1.541085784035550521e+00 1.273781360352290060e+00
1.548780819678068799e+00 1.275823077832137109e+00
1.564383224601837874e+00 1.264372598071163756e+00
1.573681346905922762e+00 1.278499384458563926e+00
1.592551541956660266e+00 1.272928592431414652e+00
1.618605342723858698e+00 1.221432790478218067e+00
1.620227085229337227e+00 1.289723802776644002e+00
1.665658500788180341e+00 1.337627392265991588e+00
1.665746449601836598e+00 1.280991036483267953e+00
1.679692684444316519e+00 1.321348463880502200e+00
1.691892934857055497e+00 1.319997726811620309e+00
1.706689335810554375e+00 1.389788096425378372e+00
1.714653889356318128e+00 1.297840226575117661e+00
1.723502608522847535e+00 1.299411919489332101e+00
1.728956774678607644e+00 1.309527850172830021e+00
1.737236258636679853e+00 1.313340215599329897e+00
1.761848008351416084e+00 1.222974920449386493e+00
1.774385207783629959e+00 1.302548276488239232e+00
1.796849795184872978e+00 1.354238658729444378e+00
1.797407513254645650e+00 1.340295090299118197e+00
1.809362040089539381e+00 1.308415166282874464e+00
1.813384547561109894e+00 1.316089295612007826e+00
1.814910506800202494e+00 1.330854401649488761e+00
1.822078569191826869e+00 1.313031249203637341e+00
1.833330050691903246e+00 1.330443037022785102e+00
1.835284319730385860e+00 1.329954849652808413e+00
1.867398840853554898e+00 1.407648457821603527e+00
1.895967525322646452e+00 1.423619733796305464e+00
1.904106430540334571e+00 1.422769075645591741e+00
1.913663393315897299e+00 1.402948761909582620e+00
1.924460060522946492e+00 1.354718970811715106e+00
1.924513310320545401e+00 1.431349069587885880e+00
1.936879094085756758e+00 1.377285893517311122e+00
1.940597551292186917e+00 1.394112005861412928e+00
1.944446670879066197e+00 1.455892742241350346e+00
1.971654910474293754e+00 1.408013719852204915e+00
1.989883596241580399e+00 1.421989003923547656e+00
1.994752863982572677e+00 1.347474471023250242e+00
2.004759123170717139e+00 1.438261355473243075e+00
2.005297065203663021e+00 1.371077736677234205e+00
2.012989708330018335e+00 1.465272609833087269e+00
2.033748595232577561e+00 1.417617751202901122e+00
2.054717304041628445e+00 1.330731142222051355e+00
2.064663827887773806e+00 1.420451528180044942e+00
2.072970871908315083e+00 1.429308915654590839e+00
2.077121444571305542e+00 1.463517940914349280e+00
2.081161685253990257e+00 1.473416872446895232e+00
2.081974954629113306e+00 1.427852274015011247e+00
2.095522756669974118e+00 1.494108623234891908e+00
2.109826709532510502e+00 1.307075372498238020e+00
2.140565600060866824e+00 1.430276823793724450e+00
2.148319175201376385e+00 1.414628576799102699e+00
2.179053483966517213e+00 1.418562623810665668e+00
2.179252997630466204e+00 1.520304397951821151e+00
2.202118761834812144e+00 1.522033899095089016e+00
2.203813100933021740e+00 1.448896841752363329e+00
2.217648526262056663e+00 1.543280092557813399e+00
2.223438338310903539e+00 1.495779753761949271e+00
2.231194641460873651e+00 1.474352303529271380e+00
2.231479603673565570e+00 1.461990890444783142e+00
2.254511932126278762e+00 1.465760636583216980e+00
2.324492035524720279e+00 1.546340954854030780e+00
2.336555924543994855e+00 1.558438455145353396e+00
2.343607898613341511e+00 1.541837987102631757e+00
2.350160640268467827e+00 1.438865911117997110e+00
2.377868474890734163e+00 1.555644321933578933e+00
2.378487676843615617e+00 1.568200807728010071e+00
2.378574331546098986e+00 1.511529069336818853e+00
2.385615851439253809e+00 1.546530204207734016e+00
2.388501359360968745e+00 1.459877727774927525e+00
2.446685508700411127e+00 1.507701396700748875e+00
2.456689615604522814e+00 1.552492347471972289e+00
2.475047112770947688e+00 1.559002741823489524e+00
2.479404309880304691e+00 1.590763513984723376e+00
2.483965470001914255e+00 1.521549862229254924e+00
2.493076339424511012e+00 1.563277768818784663e+00
2.496599918951563080e+00 1.557569839250158239e+00
2.499857812835413640e+00 1.605343058015721747e+00
2.549426926517858405e+00 1.661954722276316243e+00
2.588078380546834367e+00 1.687784844634576453e+00
2.598003822782015249e+00 1.539800909313544297e+00
2.600173027160626926e+00 1.610300122167763970e+00
2.619010577815664931e+00 1.567242179198901963e+00
2.630640964236419244e+00 1.618951629681445459e+00
2.650545674680828689e+00 1.647472470712390225e+00
2.652171142733905196e+00 1.632291301800042893e+00
2.672005181289216491e+00 1.632376033047839625e+00
2.672290949314588548e+00 1.702823780481497407e+00
2.673732496716487717e+00 1.668267052999774736e+00
2.690794055990201716e+00 1.627842184281770743e+00
2.695711914375433782e+00 1.642974252140989799e+00
2.695743867277997641e+00 1.681868556662585279e+00
2.701635950812757425e+00 1.671670389366217702e+00
2.736164258828024831e+00 1.634613631454620242e+00
2.739303400442599123e+00 1.573555033377671553e+00
2.759810188980277967e+00 1.606861551888858042e+00
2.774621577161987762e+00 1.672423719279660936e+00
2.777259544705431349e+00 1.584463891233094834e+00
2.777544400674301972e+00 1.659597844958822899e+00
2.803485359867270876e+00 1.653530747993220862e+00
2.804488998648079878e+00 1.720552134485864526e+00
2.840300897831880000e+00 1.624787288145530306e+00
2.875063341916700654e+00 1.606883545713089889e+00
2.888652968658706133e+00 1.680331519840908561e+00
2.893862367325393148e+00 1.730287481887661238e+00
2.908170975785518308e+00 1.754472672176201176e+00
2.908764020242252446e+00 1.663748521389907253e+00
2.931069969594520153e+00 1.733633929459091227e+00
2.933581594679276261e+00 1.661727054196145525e+00
2.953174948578872083e+00 1.684090075909323803e+00
2.959690887807191917e+00 1.746442339353852624e+00
2.979218107761576473e+00 1.759022653072260356e+00
2.989303623749657746e+00 1.683063122755542818e+00
3.004484968494597119e+00 1.755155008195872224e+00
3.006459851459973187e+00 1.648102648508407153e+00
3.012817413093918262e+00 1.726439702620108818e+00
3.017566419617344398e+00 1.685023385650303629e+00
3.018073360240087766e+00 1.700166234896918205e+00
3.018091625619653495e+00 1.678660955690133072e+00
3.021897565672440056e+00 1.763786215515873224e+00
3.024240116518642552e+00 1.764471259605921327e+00
3.034498590223251746e+00 1.710237437885916201e+00
3.053074549068606647e+00 1.764553777476909335e+00
3.075834779859456525e+00 1.765804894721306306e+00
3.080676695974771562e+00 1.749286436052192029e+00
3.096544279201932870e+00 1.858815291683720616e+00
3.101459051370766495e+00 1.722478134265533090e+00
3.142227020005009752e+00 1.773289763053530699e+00
3.208302668155932125e+00 1.773612195349944631e+00
3.249304957265396698e+00 1.785508641043919154e+00
3.253254554323985914e+00 1.810999153034293707e+00
3.283875790983510345e+00 1.798626439522597265e+00
3.286882945783905718e+00 1.773460661410984018e+00
3.310620103875538955e+00 1.825216172876409582e+00
3.314109288778122497e+00 1.874768801725140488e+00
3.341372403521065682e+00 1.871239224026145287e+00
3.341554748586000656e+00 1.837316936804598289e+00
3.364655463076543729e+00 1.800526188137240968e+00
3.369549984254440744e+00 1.844195290613225069e+00
3.376309851001765505e+00 1.887286638668577154e+00
3.383192894534982731e+00 1.894051847622066687e+00
3.390009242112573595e+00 1.857716613887656854e+00
3.390587980893910114e+00 1.824621611639496210e+00
3.407275641688098933e+00 1.836569183025987151e+00
3.434906437810657742e+00 1.888806722158690610e+00
3.439764593130587578e+00 1.886181090860383991e+00
3.441493641060724862e+00 1.774402923790394215e+00
3.481482017773814164e+00 1.896120390488190255e+00
3.482182482454137862e+00 1.898727021708747076e+00
3.485305213997859752e+00 1.826152426811225471e+00
3.516569753558133726e+00 1.840119708899822237e+00
3.546712663158040790e+00 1.848498590176172129e+00
3.558234893235616703e+00 1.855086946070373166e+00
3.579511164555331248e+00 1.826894550167745379e+00
3.585702686140959106e+00 1.907974106156394623e+00
3.591010976816148226e+00 1.858911673644828566e+00
3.594850769729632134e+00 1.892776750070474190e+00
3.597566419756147216e+00 1.873874043472202100e+00
3.612710889043469376e+00 1.912432435986002544e+00
3.616456867400533071e+00 1.855285233724532024e+00
3.620113831436202911e+00 1.913923629888915734e+00
3.661418026501966683e+00 1.931384141044846015e+00
3.672639673151567141e+00 1.954421000224103366e+00
3.681321731947359677e+00 2.009048033362236918e+00
3.687679446515624182e+00 1.824252153909461605e+00
3.728354972175643045e+00 1.945605487578460302e+00
3.745887411898777497e+00 1.902860794816463308e+00
3.765867989622100342e+00 1.852174991651076352e+00
3.774458979778629875e+00 1.981449072514724241e+00
3.780946539780337012e+00 2.005647682597568870e+00
3.788269961961112653e+00 1.928362118914586087e+00
3.790327340549788371e+00 1.956562758518531675e+00
3.808042899876775689e+00 1.948477976771408438e+00
3.839598255303241725e+00 1.979430068023459777e+00
3.866317503549566048e+00 2.006734498504515241e+00
3.870004239531172452e+00 1.983074085192801927e+00
3.880394175278011115e+00 1.985751301631728083e+00
3.885455994739014152e+00 2.029010147586175261e+00
3.902685065412325738e+00 1.967959257139112905e+00
3.908115400240680604e+00 2.019287678629596350e+00
3.919545231669550933e+00 1.942033283965561186e+00
3.946319556401812978e+00 2.060340882587582634e+00
3.951744412400577389e+00 2.021784563402452939e+00
3.960956000856315828e+00 1.971672169497764804e+00
3.976018155737741200e+00 1.896883656043101940e+00
3.978441547470636941e+00 1.994588835382111736e+00
3.983127000541121898e+00 1.941501998947298580e+00
